group	fill	clickSelects
1	#FFFFFF	233
2	#FFFFFF	513
3	#FFFFFF	233
4	#FFFFFF	233
5	#FFFFFF	233
6	#FFFFFF	2233
7	#FFFFFF	2233
8	#FFFFFF	2233
9	#FFFFFF	233
10	#FFFFFF	233
11	#FFFFFF	233
12	#FFFFFF	233
13	#FFFFFF	233
14	#FFFFFF	233
15	#FFFFFF	233
16	#FFFFFF	233
17	#FFFFFF	233
18	#FFFFFF	233
19	#FFFFFF	233
20	#FFFFFF	233
21	#FFFFFF	233
22	#FFFFFF	233
23	#FFFFFF	233
24	#FFFFFF	513
25	#FFFFFF	366
26	#FFFFFF	513
27	#FFFFFF	513
28	#FFFFFF	513
29	#FFFFFF	513
30	#FFFFFF	1766
31	#FFFFFF	1766
32	#FFFFFF	1766
33	#FFFFFF	1766
34	#FFFFFF	1766
35	#FFFFFF	1766
36	#FFFFFF	233
37	#FFFFFF	1766
38	#FFFFFF	1766
39	#FFFFFF	1766
40	#FFFFFF	1766
41	#FFFFFF	513
42	#FFFFFF	513
43	#FFFFFF	513
44	#FFFFFF	513
45	#FFFFFF	2452
46	#FFFFFF	366
47	#FFFFFF	366
48	#FFFFFF	366
49	#FFFFFF	366
50	#FFFFFF	233
52	#FFFFFF	513
53	#FFFFFF	233
54	#FFFFFF	233
55	#FFFFFF	233
56	#FFFFFF	233
57	#FFFFFF	2233
58	#FFFFFF	2233
59	#FFFFFF	233
60	#FFFFFF	233
61	#FFFFFF	233
62	#FFFFFF	233
63	#FFFFFF	233
64	#FFFFFF	233
65	#FFFFFF	233
66	#FFFFFF	233
67	#FFFFFF	233
68	#FFFFFF	233
69	#FFFFFF	233
70	#FFFFFF	233
71	#FFFFFF	233
72	#FFFFFF	513
73	#FFFFFF	233
74	#FFFFFF	233
75	#FFFFFF	233
76	#FFFFFF	513
77	#FFFFFF	513
78	#FFFFFF	513
79	#FFFFFF	513
80	#FFFFFF	1766
81	#FFFFFF	1766
82	#FFFFFF	1766
83	#FFFFFF	1766
84	#FFFFFF	1766
85	#FFFFFF	1766
86	#FFFFFF	233
87	#FFFFFF	1766
88	#FFFFFF	1766
89	#FFFFFF	1766
90	#FFFFFF	1766
91	#FFFFFF	1766
92	#FFFFFF	513
93	#FFFFFF	513
94	#FFFFFF	513
95	#FFFFFF	2452
97	#FFFFFF	366
98	#FFFFFF	366
99	#FFFFFF	366
100	#FFFFFF	366
101	#FFFFFF	366
102	#FFFFFF	513
103	#FFFFFF	233
104	#FFFFFF	233
105	#FFFFFF	233
106	#FFFFFF	233
107	#FFFFFF	233
108	#FFFFFF	2233
109	#FFFFFF	233
110	#FFFFFF	233
111	#FFFFFF	233
112	#FFFFFF	233
113	#FFFFFF	233
114	#FFFFFF	233
115	#FFFFFF	233
116	#FFFFFF	233
117	#FFFFFF	233
118	#FFFFFF	233
119	#FFFFFF	233
120	#FFFFFF	233
121	#FFFFFF	233
122	#FFFFFF	513
123	#FFFFFF	513
124	#FFFFFF	233
125	#FFFFFF	513
126	#FFFFFF	233
127	#FFFFFF	513
128	#FFFFFF	513
129	#FFFFFF	1766
130	#FFFFFF	1766
131	#FFFFFF	513
132	#FFFFFF	513
133	#FFFFFF	1766
134	#FFFFFF	1766
135	#FFFFFF	1766
136	#FFFFFF	1766
137	#FFFFFF	366
138	#FFFFFF	1766
139	#FFFFFF	1766
140	#FFFFFF	1766
141	#FFFFFF	1766
142	#FFFFFF	1766
143	#FFFFFF	513
144	#FFFFFF	513
145	#FFFFFF	513
146	#FFFFFF	2452
147	#FFFFFF	366
148	#FFFFFF	366
149	#FFFFFF	366
150	#FFFFFF	366
151	#FFFFFF	366
153	#FFFFFF	513
154	#FFFFFF	513
155	#FFFFFF	233
156	#FFFFFF	233
157	#FFFFFF	233
158	#FFFFFF	233
159	#FFFFFF	233
160	#FFFFFF	233
161	#FFFFFF	233
162	#FFFFFF	233
163	#FFFFFF	233
164	#FFFFFF	3756
165	#FFFFFF	513
166	#FFFFFF	3756
167	#FFFFFF	3756
168	#FFFFFF	3756
169	#FFFFFF	3756
170	#FFFFFF	233
171	#FFFFFF	233
172	#FFFFFF	233
173	#FFFFFF	233
174	#FFFFFF	233
175	#FFFFFF	233
176	#FFFFFF	513
177	#FFFFFF	233
178	#FFFFFF	513
179	#FFFFFF	513
180	#FFFFFF	513
181	#FFFFFF	513
182	#FFFFFF	513
183	#FFFFFF	513
184	#FFFFFF	513
185	#FFFFFF	513
186	#FFFFFF	513
187	#FFFFFF	513
188	#FFFFFF	2946
189	#FFFFFF	2946
190	#FFFFFF	513
191	#FFFFFF	513
192	#FFFFFF	2946
193	#FFFFFF	513
194	#FFFFFF	2452
195	#FFFFFF	2452
196	#FFFFFF	2452
198	#FFFFFF	513
199	#FFFFFF	513
200	#FFFFFF	233
201	#FFFFFF	233
202	#FFFFFF	513
203	#FFFFFF	513
204	#FFFFFF	513
205	#FFFFFF	513
206	#FFFFFF	233
207	#FFFFFF	233
208	#FFFFFF	233
209	#FFFFFF	233
210	#FFFFFF	233
211	#FFFFFF	233
212	#FFFFFF	233
213	#FFFFFF	233
214	#FFFFFF	3756
215	#FFFFFF	3756
216	#FFFFFF	513
217	#FFFFFF	3756
218	#FFFFFF	3756
219	#FFFFFF	233
220	#FFFFFF	233
221	#FFFFFF	233
222	#FFFFFF	233
223	#FFFFFF	233
224	#FFFFFF	233
225	#FFFFFF	233
226	#FFFFFF	233
227	#FFFFFF	513
228	#FFFFFF	233
229	#FFFFFF	233
230	#FFFFFF	513
231	#FFFFFF	513
232	#FFFFFF	513
233	#FFFFFF	513
234	#FFFFFF	513
235	#FFFFFF	513
236	#FFFFFF	513
237	#FFFFFF	513
238	#FFFFFF	513
239	#FFFFFF	2946
240	#FFFFFF	2946
241	#FFFFFF	513
242	#FFFFFF	513
243	#FFFFFF	513
244	#FFFFFF	513
245	#FFFFFF	513
246	#FFFFFF	2452
247	#FFFFFF	2452
248	#FFFFFF	513
249	#FFFFFF	513
250	#FFFFFF	513
251	#FFFFFF	513
252	#FFFFFF	513
254	#FFFFFF	513
255	#FFFFFF	513
256	#FFFFFF	233
257	#FFFFFF	233
258	#FFFFFF	233
259	#FFFFFF	233
260	#FFFFFF	233
261	#FFFFFF	233
262	#FFFFFF	233
263	#FFFFFF	233
264	#FFFFFF	233
265	#FFFFFF	3756
266	#FFFFFF	513
267	#FFFFFF	3756
268	#FFFFFF	3756
269	#FFFFFF	3756
270	#FFFFFF	233
271	#FFFFFF	233
272	#FFFFFF	233
273	#FFFFFF	233
274	#FFFFFF	233
275	#FFFFFF	233
276	#FFFFFF	513
277	#FFFFFF	513
278	#FFFFFF	233
279	#FFFFFF	233
280	#FFFFFF	233
281	#FFFFFF	513
282	#FFFFFF	513
283	#FFFFFF	513
284	#FFFFFF	513
285	#FFFFFF	513
286	#FFFFFF	513
287	#FFFFFF	513
288	#FFFFFF	513
290	#FFFFFF	513
291	#FFFFFF	2946
292	#FFFFFF	513
293	#FFFFFF	513
294	#FFFFFF	513
295	#FFFFFF	513
296	#FFFFFF	2452
297	#FFFFFF	2452
299	#FFFFFF	513
300	#FFFFFF	513
301	#FFFFFF	513
302	#FFFFFF	513
303	#FFFFFF	513
304	#FFFFFF	513
305	#FFFFFF	513
306	#FFFFFF	513
307	#FFFFFF	233
308	#FFFFFF	233
309	#FFFFFF	233
310	#FFFFFF	233
311	#FFFFFF	233
312	#FFFFFF	233
313	#FFFFFF	233
314	#FFFFFF	233
315	#FFFFFF	233
316	#FFFFFF	3756
317	#FFFFFF	513
318	#FFFFFF	3756
319	#FFFFFF	3756
320	#FFFFFF	233
321	#FFFFFF	233
322	#FFFFFF	233
323	#FFFFFF	233
324	#FFFFFF	233
325	#FFFFFF	233
326	#FFFFFF	233
327	#FFFFFF	513
328	#FFFFFF	513
329	#FFFFFF	233
330	#FFFFFF	233
331	#FFFFFF	513
332	#FFFFFF	513
333	#FFFFFF	513
334	#FFFFFF	513
335	#FFFFFF	513
336	#FFFFFF	513
337	#FFFFFF	513
338	#FFFFFF	513
339	#FFFFFF	513
340	#FFFFFF	513
341	#FFFFFF	2946
342	#FFFFFF	513
343	#FFFFFF	513
344	#FFFFFF	2452
345	#FFFFFF	513
346	#FFFFFF	2452
347	#FFFFFF	2452
348	#FFFFFF	2452
349	#FFFFFF	513
350	#FFFFFF	513
351	#FFFFFF	513
352	#FFFFFF	513
353	#FFFFFF	233
355	#FFFFFF	513
356	#FFFFFF	513
357	#FFFFFF	233
358	#FFFFFF	233
359	#FFFFFF	233
360	#FFFFFF	233
361	#FFFFFF	233
362	#FFFFFF	233
363	#FFFFFF	233
364	#FFFFFF	233
365	#FFFFFF	233
366	#FFFFFF	3756
367	#FFFFFF	513
368	#FFFFFF	3756
369	#FFFFFF	3756
370	#FFFFFF	3756
371	#FFFFFF	233
372	#FFFFFF	3756
373	#FFFFFF	233
374	#FFFFFF	233
375	#FFFFFF	233
376	#FFFFFF	233
377	#FFFFFF	513
378	#FFFFFF	513
379	#FFFFFF	233
380	#FFFFFF	233
381	#FFFFFF	233
382	#FFFFFF	513
383	#FFFFFF	513
384	#FFFFFF	513
385	#FFFFFF	513
386	#FFFFFF	513
387	#FFFFFF	513
388	#FFFFFF	513
389	#FFFFFF	513
390	#FFFFFF	2946
391	#FFFFFF	2946
392	#FFFFFF	513
393	#FFFFFF	513
394	#FFFFFF	513
395	#FFFFFF	2452
396	#FFFFFF	513
397	#FFFFFF	2452
398	#FFFFFF	2452
400	#FFFFFF	513
401	#FFFFFF	513
402	#FFFFFF	513
403	#FFFFFF	513
404	#FFFFFF	233
405	#FFFFFF	513
406	#FFFFFF	513
407	#FFFFFF	513
408	#FFFFFF	233
409	#FFFFFF	233
410	#FFFFFF	233
411	#FFFFFF	233
412	#FFFFFF	233
413	#FFFFFF	233
414	#FFFFFF	233
415	#FFFFFF	233
416	#FFFFFF	233
417	#FFFFFF	3756
418	#FFFFFF	513
419	#FFFFFF	3756
420	#FFFFFF	3756
421	#FFFFFF	3756
422	#FFFFFF	3756
423	#FFFFFF	233
424	#FFFFFF	233
425	#FFFFFF	513
426	#FFFFFF	513
427	#FFFFFF	513
428	#FFFFFF	513
429	#FFFFFF	513
430	#FFFFFF	233
431	#FFFFFF	513
432	#FFFFFF	513
433	#FFFFFF	513
434	#FFFFFF	513
435	#FFFFFF	513
436	#FFFFFF	513
437	#FFFFFF	513
438	#FFFFFF	513
439	#FFFFFF	2946
440	#FFFFFF	513
441	#FFFFFF	2946
442	#FFFFFF	513
443	#FFFFFF	513
444	#FFFFFF	513
445	#FFFFFF	2452
446	#FFFFFF	2452
447	#FFFFFF	2452
448	#FFFFFF	513
449	#FFFFFF	2452
450	#FFFFFF	513
451	#FFFFFF	513
452	#FFFFFF	513
453	#FFFFFF	233
454	#FFFFFF	233
456	#FFFFFF	513
457	#FFFFFF	513
458	#FFFFFF	233
459	#FFFFFF	233
460	#FFFFFF	233
461	#FFFFFF	233
462	#FFFFFF	233
463	#FFFFFF	233
464	#FFFFFF	233
465	#FFFFFF	233
466	#FFFFFF	233
467	#FFFFFF	233
468	#FFFFFF	513
469	#FFFFFF	3756
470	#FFFFFF	3756
471	#FFFFFF	3756
472	#FFFFFF	3756
473	#FFFFFF	3756
474	#FFFFFF	233
475	#FFFFFF	513
476	#FFFFFF	513
477	#FFFFFF	513
478	#FFFFFF	513
479	#FFFFFF	513
480	#FFFFFF	513
481	#FFFFFF	513
482	#FFFFFF	513
483	#FFFFFF	513
484	#FFFFFF	513
485	#FFFFFF	513
486	#FFFFFF	513
487	#FFFFFF	513
488	#FFFFFF	513
490	#FFFFFF	513
491	#FFFFFF	513
492	#FFFFFF	513
493	#FFFFFF	513
494	#FFFFFF	513
495	#FFFFFF	2452
496	#FFFFFF	513
497	#FFFFFF	2452
498	#FFFFFF	2452
499	#FFFFFF	513
501	#FFFFFF	513
502	#FFFFFF	513
503	#FFFFFF	513
504	#FFFFFF	233
505	#FFFFFF	233
506	#FFFFFF	513
507	#FFFFFF	513
508	#FFFFFF	513
509	#FFFFFF	233
510	#FFFFFF	233
511	#FFFFFF	233
512	#FFFFFF	233
513	#FFFFFF	233
514	#FFFFFF	233
515	#FFFFFF	233
516	#FFFFFF	233
517	#FFFFFF	233
518	#FFFFFF	233
519	#FFFFFF	513
520	#FFFFFF	3756
521	#FFFFFF	3756
522	#FFFFFF	3756
523	#FFFFFF	3756
524	#FFFFFF	233
525	#FFFFFF	233
526	#FFFFFF	513
527	#FFFFFF	513
528	#FFFFFF	513
529	#FFFFFF	513
530	#FFFFFF	513
531	#FFFFFF	513
532	#FFFFFF	513
533	#FFFFFF	513
534	#FFFFFF	513
535	#FFFFFF	513
536	#FFFFFF	513
537	#FFFFFF	513
538	#FFFFFF	513
539	#FFFFFF	2946
540	#FFFFFF	513
541	#FFFFFF	513
542	#FFFFFF	513
543	#FFFFFF	513
544	#FFFFFF	513
545	#FFFFFF	513
546	#FFFFFF	2452
547	#FFFFFF	513
548	#FFFFFF	513
549	#FFFFFF	513
550	#FFFFFF	513
551	#FFFFFF	513
552	#FFFFFF	513
553	#FFFFFF	513
554	#FFFFFF	233
555	#FFFFFF	233
557	#FFFFFF	513
558	#FFFFFF	513
559	#FFFFFF	233
560	#FFFFFF	233
561	#FFFFFF	233
562	#FFFFFF	233
563	#FFFFFF	233
564	#FFFFFF	233
565	#FFFFFF	233
566	#FFFFFF	233
567	#FFFFFF	233
568	#FFFFFF	233
569	#FFFFFF	513
570	#FFFFFF	233
571	#FFFFFF	3756
572	#FFFFFF	233
573	#FFFFFF	233
574	#FFFFFF	233
575	#FFFFFF	233
576	#FFFFFF	513
577	#FFFFFF	513
578	#FFFFFF	513
579	#FFFFFF	513
580	#FFFFFF	513
581	#FFFFFF	513
582	#FFFFFF	513
583	#FFFFFF	513
584	#FFFFFF	513
585	#FFFFFF	513
586	#FFFFFF	513
587	#FFFFFF	513
588	#FFFFFF	2946
589	#FFFFFF	2946
590	#FFFFFF	513
591	#FFFFFF	513
592	#FFFFFF	513
593	#FFFFFF	513
594	#FFFFFF	513
595	#FFFFFF	513
596	#FFFFFF	513
597	#FFFFFF	513
598	#FFFFFF	513
599	#FFFFFF	513
600	#FFFFFF	513
602	#FFFFFF	513
603	#FFFFFF	513
604	#FFFFFF	513
605	#FFFFFF	233
606	#FFFFFF	233
607	#FFFFFF	513
608	#FFFFFF	513
609	#FFFFFF	513
610	#FFFFFF	233
611	#FFFFFF	233
612	#FFFFFF	233
613	#FFFFFF	233
614	#FFFFFF	233
615	#FFFFFF	233
616	#FFFFFF	233
617	#FFFFFF	233
618	#FFFFFF	233
619	#FFFFFF	3756
620	#FFFFFF	513
621	#FFFFFF	3756
622	#FFFFFF	233
623	#FFFFFF	233
624	#FFFFFF	233
625	#FFFFFF	233
626	#FFFFFF	513
627	#FFFFFF	513
628	#FFFFFF	513
629	#FFFFFF	513
630	#FFFFFF	513
631	#FFFFFF	513
632	#FFFFFF	513
633	#FFFFFF	513
634	#FFFFFF	513
635	#FFFFFF	513
636	#FFFFFF	513
637	#FFFFFF	513
638	#FFFFFF	2946
639	#FFFFFF	2946
640	#FFFFFF	2946
641	#FFFFFF	513
642	#FFFFFF	513
643	#FFFFFF	513
644	#FFFFFF	513
645	#FFFFFF	513
646	#FFFFFF	513
647	#FFFFFF	513
648	#FFFFFF	513
649	#FFFFFF	513
650	#FFFFFF	513
651	#FFFFFF	513
652	#FFFFFF	513
653	#FFFFFF	513
654	#FFFFFF	513
655	#FFFFFF	233
656	#FFFFFF	233
658	#FFFFFF	513
659	#FFFFFF	513
660	#FFFFFF	233
661	#FFFFFF	233
662	#FFFFFF	233
663	#FFFFFF	233
664	#FFFFFF	233
665	#FFFFFF	233
666	#FFFFFF	233
667	#FFFFFF	233
668	#FFFFFF	233
669	#FFFFFF	233
670	#FFFFFF	513
671	#FFFFFF	3756
672	#FFFFFF	3756
673	#FFFFFF	233
674	#FFFFFF	233
675	#FFFFFF	233
676	#FFFFFF	513
677	#FFFFFF	3339
678	#FFFFFF	513
679	#FFFFFF	513
680	#FFFFFF	513
681	#FFFFFF	513
682	#FFFFFF	513
683	#FFFFFF	513
684	#FFFFFF	513
685	#FFFFFF	513
686	#FFFFFF	513
687	#FFFFFF	513
688	#FFFFFF	2946
689	#FFFFFF	513
690	#FFFFFF	2946
691	#FFFFFF	513
692	#FFFFFF	513
693	#FFFFFF	3518
694	#FFFFFF	513
695	#FFFFFF	513
696	#FFFFFF	513
697	#FFFFFF	513
698	#FFFFFF	513
699	#FFFFFF	513
700	#FFFFFF	513
701	#FFFFFF	3518
703	#FFFFFF	513
704	#FFFFFF	233
705	#FFFFFF	513
706	#FFFFFF	233
707	#FFFFFF	233
708	#FFFFFF	513
709	#FFFFFF	513
710	#FFFFFF	513
711	#FFFFFF	513
712	#FFFFFF	233
713	#FFFFFF	233
714	#FFFFFF	233
715	#FFFFFF	233
716	#FFFFFF	233
717	#FFFFFF	233
718	#FFFFFF	233
719	#FFFFFF	233
720	#FFFFFF	233
721	#FFFFFF	513
722	#FFFFFF	233
723	#FFFFFF	233
724	#FFFFFF	233
725	#FFFFFF	233
726	#FFFFFF	513
727	#FFFFFF	513
728	#FFFFFF	3339
729	#FFFFFF	513
730	#FFFFFF	513
731	#FFFFFF	513
732	#FFFFFF	513
733	#FFFFFF	513
734	#FFFFFF	513
735	#FFFFFF	513
736	#FFFFFF	513
737	#FFFFFF	513
738	#FFFFFF	2946
739	#FFFFFF	513
740	#FFFFFF	513
741	#FFFFFF	2946
742	#FFFFFF	513
743	#FFFFFF	513
744	#FFFFFF	3518
745	#FFFFFF	513
746	#FFFFFF	513
747	#FFFFFF	513
748	#FFFFFF	513
749	#FFFFFF	513
750	#FFFFFF	513
751	#FFFFFF	3518
752	#FFFFFF	3518
753	#FFFFFF	233
754	#FFFFFF	513
755	#FFFFFF	513
756	#FFFFFF	233
757	#FFFFFF	513
759	#FFFFFF	513
760	#FFFFFF	513
761	#FFFFFF	513
762	#FFFFFF	513
763	#FFFFFF	233
764	#FFFFFF	233
765	#FFFFFF	233
766	#FFFFFF	233
767	#FFFFFF	233
768	#FFFFFF	233
769	#FFFFFF	233
770	#FFFFFF	233
771	#FFFFFF	513
772	#FFFFFF	233
773	#FFFFFF	233
774	#FFFFFF	233
775	#FFFFFF	233
776	#FFFFFF	233
777	#FFFFFF	513
778	#FFFFFF	3339
779	#FFFFFF	3339
780	#FFFFFF	513
781	#FFFFFF	513
782	#FFFFFF	513
783	#FFFFFF	513
784	#FFFFFF	513
785	#FFFFFF	513
786	#FFFFFF	513
787	#FFFFFF	513
788	#FFFFFF	513
789	#FFFFFF	513
790	#FFFFFF	513
791	#FFFFFF	513
792	#FFFFFF	2946
793	#FFFFFF	513
794	#FFFFFF	513
795	#FFFFFF	3518
796	#FFFFFF	513
797	#FFFFFF	3518
798	#FFFFFF	3518
799	#FFFFFF	513
800	#FFFFFF	3518
801	#FFFFFF	3518
802	#FFFFFF	3518
804	#FFFFFF	233
805	#FFFFFF	233
806	#FFFFFF	233
807	#FFFFFF	233
808	#FFFFFF	513
809	#FFFFFF	1689
810	#FFFFFF	1689
811	#FFFFFF	513
812	#FFFFFF	513
813	#FFFFFF	513
814	#FFFFFF	233
815	#FFFFFF	233
816	#FFFFFF	233
817	#FFFFFF	233
818	#FFFFFF	233
819	#FFFFFF	233
820	#FFFFFF	233
821	#FFFFFF	233
822	#FFFFFF	513
823	#FFFFFF	233
824	#FFFFFF	233
825	#FFFFFF	233
826	#FFFFFF	513
827	#FFFFFF	513
828	#FFFFFF	513
829	#FFFFFF	513
830	#FFFFFF	3339
831	#FFFFFF	3339
832	#FFFFFF	513
833	#FFFFFF	513
834	#FFFFFF	513
835	#FFFFFF	513
836	#FFFFFF	513
837	#FFFFFF	513
838	#FFFFFF	513
840	#FFFFFF	513
841	#FFFFFF	513
842	#FFFFFF	513
843	#FFFFFF	2946
844	#FFFFFF	513
845	#FFFFFF	513
846	#FFFFFF	3518
847	#FFFFFF	3518
848	#FFFFFF	3518
849	#FFFFFF	3518
850	#FFFFFF	3518
851	#FFFFFF	3518
852	#FFFFFF	3518
853	#FFFFFF	3518
854	#FFFFFF	233
855	#FFFFFF	233
856	#FFFFFF	233
857	#FFFFFF	513
858	#FFFFFF	513
860	#FFFFFF	1689
861	#FFFFFF	513
862	#FFFFFF	513
863	#FFFFFF	513
864	#FFFFFF	233
865	#FFFFFF	233
866	#FFFFFF	233
867	#FFFFFF	233
868	#FFFFFF	233
869	#FFFFFF	233
870	#FFFFFF	233
871	#FFFFFF	233
872	#FFFFFF	513
873	#FFFFFF	513
874	#FFFFFF	513
875	#FFFFFF	513
876	#FFFFFF	233
877	#FFFFFF	513
878	#FFFFFF	513
879	#FFFFFF	513
880	#FFFFFF	513
881	#FFFFFF	3339
882	#FFFFFF	3339
883	#FFFFFF	513
884	#FFFFFF	3339
885	#FFFFFF	513
886	#FFFFFF	513
887	#FFFFFF	513
888	#FFFFFF	513
889	#FFFFFF	513
890	#FFFFFF	513
891	#FFFFFF	513
892	#FFFFFF	513
893	#FFFFFF	513
894	#FFFFFF	513
895	#FFFFFF	513
896	#FFFFFF	513
897	#FFFFFF	3518
898	#FFFFFF	3518
899	#FFFFFF	3518
900	#FFFFFF	3518
901	#FFFFFF	513
902	#FFFFFF	513
903	#FFFFFF	3518
905	#FFFFFF	513
906	#FFFFFF	233
907	#FFFFFF	233
908	#FFFFFF	513
909	#FFFFFF	513
910	#FFFFFF	513
911	#FFFFFF	1689
912	#FFFFFF	513
913	#FFFFFF	513
914	#FFFFFF	513
915	#FFFFFF	233
916	#FFFFFF	233
917	#FFFFFF	233
918	#FFFFFF	233
919	#FFFFFF	233
920	#FFFFFF	233
921	#FFFFFF	233
922	#FFFFFF	513
923	#FFFFFF	513
924	#FFFFFF	513
925	#FFFFFF	513
926	#FFFFFF	233
927	#FFFFFF	513
928	#FFFFFF	513
929	#FFFFFF	513
930	#FFFFFF	513
931	#FFFFFF	3339
932	#FFFFFF	3339
933	#FFFFFF	3339
934	#FFFFFF	513
935	#FFFFFF	3339
936	#FFFFFF	513
937	#FFFFFF	513
938	#FFFFFF	513
939	#FFFFFF	513
940	#FFFFFF	513
941	#FFFFFF	513
942	#FFFFFF	513
943	#FFFFFF	513
944	#FFFFFF	513
945	#FFFFFF	513
946	#FFFFFF	513
947	#FFFFFF	513
948	#FFFFFF	3518
949	#FFFFFF	3518
950	#FFFFFF	3518
951	#FFFFFF	513
952	#FFFFFF	513
953	#FFFFFF	513
954	#FFFFFF	3518
955	#FFFFFF	233
956	#FFFFFF	513
957	#FFFFFF	513
958	#FFFFFF	513
959	#FFFFFF	513
961	#FFFFFF	513
962	#FFFFFF	513
963	#FFFFFF	513
964	#FFFFFF	513
965	#FFFFFF	513
966	#FFFFFF	233
967	#FFFFFF	233
968	#FFFFFF	233
969	#FFFFFF	233
970	#FFFFFF	233
971	#FFFFFF	233
972	#FFFFFF	233
973	#FFFFFF	513
974	#FFFFFF	513
975	#FFFFFF	233
976	#FFFFFF	233
977	#FFFFFF	513
978	#FFFFFF	513
979	#FFFFFF	513
980	#FFFFFF	513
981	#FFFFFF	513
982	#FFFFFF	513
983	#FFFFFF	513
984	#FFFFFF	513
985	#FFFFFF	3339
986	#FFFFFF	3339
987	#FFFFFF	513
988	#FFFFFF	513
989	#FFFFFF	513
990	#FFFFFF	513
991	#FFFFFF	513
992	#FFFFFF	513
993	#FFFFFF	513
994	#FFFFFF	513
995	#FFFFFF	513
996	#FFFFFF	513
997	#FFFFFF	513
998	#FFFFFF	3518
999	#FFFFFF	3518
1000	#FFFFFF	513
1001	#FFFFFF	3518
1002	#FFFFFF	513
1003	#FFFFFF	513
1004	#FFFFFF	513
1006	#FFFFFF	233
1007	#FFFFFF	233
1008	#FFFFFF	513
1009	#FFFFFF	513
1010	#FFFFFF	513
1011	#FFFFFF	1689
1012	#FFFFFF	513
1013	#FFFFFF	513
1014	#FFFFFF	513
1015	#FFFFFF	233
1016	#FFFFFF	513
1017	#FFFFFF	513
1018	#FFFFFF	233
1019	#FFFFFF	233
1020	#FFFFFF	233
1021	#FFFFFF	233
1022	#FFFFFF	233
1023	#FFFFFF	233
1024	#FFFFFF	513
1025	#FFFFFF	513
1026	#FFFFFF	233
1027	#FFFFFF	513
1028	#FFFFFF	513
1029	#FFFFFF	513
1030	#FFFFFF	513
1031	#FFFFFF	513
1032	#FFFFFF	513
1033	#FFFFFF	513
1034	#FFFFFF	513
1035	#FFFFFF	233
1036	#FFFFFF	513
1037	#FFFFFF	513
1038	#FFFFFF	513
1039	#FFFFFF	513
1040	#FFFFFF	513
1041	#FFFFFF	513
1042	#FFFFFF	513
1043	#FFFFFF	513
1044	#FFFFFF	513
1045	#FFFFFF	513
1046	#FFFFFF	233
1047	#FFFFFF	513
1048	#FFFFFF	513
1049	#FFFFFF	513
1050	#FFFFFF	513
1051	#FFFFFF	3518
1052	#FFFFFF	3518
1053	#FFFFFF	513
1054	#FFFFFF	513
1055	#FFFFFF	513
1056	#FFFFFF	233
1057	#FFFFFF	233
1058	#FFFFFF	513
1059	#FFFFFF	513
1060	#FFFFFF	233
1062	#FFFFFF	513
1063	#FFFFFF	513
1064	#FFFFFF	233
1065	#FFFFFF	233
1066	#FFFFFF	513
1067	#FFFFFF	513
1068	#FFFFFF	233
1069	#FFFFFF	233
1070	#FFFFFF	233
1071	#FFFFFF	233
1072	#FFFFFF	233
1073	#FFFFFF	233
1074	#FFFFFF	513
1075	#FFFFFF	513
1076	#FFFFFF	513
1077	#FFFFFF	513
1078	#FFFFFF	513
1079	#FFFFFF	513
1080	#FFFFFF	513
1081	#FFFFFF	513
1082	#FFFFFF	513
1083	#FFFFFF	513
1084	#FFFFFF	513
1085	#FFFFFF	513
1086	#FFFFFF	513
1087	#FFFFFF	513
1088	#FFFFFF	513
1089	#FFFFFF	782
1090	#FFFFFF	513
1091	#FFFFFF	513
1092	#FFFFFF	513
1093	#FFFFFF	513
1094	#FFFFFF	513
1095	#FFFFFF	513
1096	#FFFFFF	233
1097	#FFFFFF	513
1098	#FFFFFF	513
1099	#FFFFFF	513
1100	#FFFFFF	513
1101	#FFFFFF	3518
1102	#FFFFFF	3518
1103	#FFFFFF	513
1104	#FFFFFF	513
1105	#FFFFFF	3386
1107	#FFFFFF	233
1108	#FFFFFF	233
1109	#FFFFFF	513
1110	#FFFFFF	513
1111	#FFFFFF	233
1112	#FFFFFF	513
1113	#FFFFFF	513
1114	#FFFFFF	513
1115	#FFFFFF	233
1116	#FFFFFF	513
1117	#FFFFFF	513
1118	#FFFFFF	233
1119	#FFFFFF	233
1120	#FFFFFF	233
1121	#FFFFFF	233
1122	#FFFFFF	233
1123	#FFFFFF	233
1124	#FFFFFF	233
1125	#FFFFFF	513
1126	#FFFFFF	513
1127	#FFFFFF	513
1128	#FFFFFF	513
1129	#FFFFFF	513
1130	#FFFFFF	513
1131	#FFFFFF	513
1132	#FFFFFF	513
1133	#FFFFFF	513
1134	#FFFFFF	513
1135	#FFFFFF	513
1136	#FFFFFF	513
1137	#FFFFFF	782
1138	#FFFFFF	513
1139	#FFFFFF	782
1140	#FFFFFF	513
1141	#FFFFFF	513
1142	#FFFFFF	513
1143	#FFFFFF	513
1144	#FFFFFF	513
1145	#FFFFFF	513
1146	#FFFFFF	513
1147	#FFFFFF	233
1148	#FFFFFF	513
1149	#FFFFFF	513
1150	#FFFFFF	513
1151	#FFFFFF	513
1152	#FFFFFF	513
1153	#FFFFFF	513
1154	#FFFFFF	513
1155	#FFFFFF	3386
1156	#FFFFFF	3386
1157	#FFFFFF	233
1158	#FFFFFF	513
1159	#FFFFFF	513
1160	#FFFFFF	513
1161	#FFFFFF	233
1163	#FFFFFF	233
1164	#FFFFFF	513
1165	#FFFFFF	366
1166	#FFFFFF	2233
1167	#FFFFFF	2233
1168	#FFFFFF	233
1169	#FFFFFF	2233
1170	#FFFFFF	2233
1171	#FFFFFF	233
1172	#FFFFFF	233
1173	#FFFFFF	233
1174	#FFFFFF	233
1175	#FFFFFF	233
1176	#FFFFFF	233
1177	#FFFFFF	233
1178	#FFFFFF	233
1179	#FFFFFF	233
1180	#FFFFFF	233
1181	#FFFFFF	233
1182	#FFFFFF	513
1183	#FFFFFF	513
1184	#FFFFFF	233
1185	#FFFFFF	513
1186	#FFFFFF	233
1187	#FFFFFF	513
1188	#FFFFFF	1766
1189	#FFFFFF	513
1190	#FFFFFF	1766
1191	#FFFFFF	1766
1192	#FFFFFF	513
1193	#FFFFFF	513
1194	#FFFFFF	1766
1195	#FFFFFF	1766
1196	#FFFFFF	1766
1197	#FFFFFF	366
1198	#FFFFFF	1766
1199	#FFFFFF	1766
1200	#FFFFFF	1766
1201	#FFFFFF	1766
1202	#FFFFFF	1766
1203	#FFFFFF	513
1204	#FFFFFF	513
1205	#FFFFFF	513
1206	#FFFFFF	2452
1208	#FFFFFF	366
1209	#FFFFFF	233
1210	#FFFFFF	366
1211	#FFFFFF	366
1212	#FFFFFF	366
1213	#FFFFFF	513
1214	#FFFFFF	513
1215	#FFFFFF	233
1216	#FFFFFF	233
1217	#FFFFFF	2233
1218	#FFFFFF	2233
1219	#FFFFFF	233
1220	#FFFFFF	2233
1221	#FFFFFF	2233
1222	#FFFFFF	233
1223	#FFFFFF	233
1224	#FFFFFF	233
1225	#FFFFFF	233
1226	#FFFFFF	233
1227	#FFFFFF	233
1228	#FFFFFF	233
1229	#FFFFFF	233
1230	#FFFFFF	233
1231	#FFFFFF	233
1232	#FFFFFF	233
1233	#FFFFFF	233
1234	#FFFFFF	513
1235	#FFFFFF	233
1236	#FFFFFF	513
1237	#FFFFFF	233
1238	#FFFFFF	513
1239	#FFFFFF	1766
1240	#FFFFFF	1766
1241	#FFFFFF	513
1242	#FFFFFF	1766
1243	#FFFFFF	1766
1244	#FFFFFF	513
1245	#FFFFFF	1766
1246	#FFFFFF	513
1247	#FFFFFF	1766
1248	#FFFFFF	366
1249	#FFFFFF	1766
1250	#FFFFFF	1766
1251	#FFFFFF	1766
1252	#FFFFFF	1766
1253	#FFFFFF	513
1254	#FFFFFF	1766
1255	#FFFFFF	513
1256	#FFFFFF	2452
1257	#FFFFFF	2452
1258	#FFFFFF	366
1259	#FFFFFF	233
1260	#FFFFFF	233
1261	#FFFFFF	366
1262	#FFFFFF	366
1264	#FFFFFF	513
1265	#FFFFFF	513
1266	#FFFFFF	513
1267	#FFFFFF	233
1268	#FFFFFF	233
1269	#FFFFFF	233
1270	#FFFFFF	233
1271	#FFFFFF	233
1272	#FFFFFF	233
1273	#FFFFFF	233
1274	#FFFFFF	513
1275	#FFFFFF	513
1276	#FFFFFF	513
1277	#FFFFFF	513
1278	#FFFFFF	513
1279	#FFFFFF	513
1280	#FFFFFF	513
1281	#FFFFFF	513
1282	#FFFFFF	513
1283	#FFFFFF	513
1284	#FFFFFF	513
1285	#FFFFFF	513
1286	#FFFFFF	513
1287	#FFFFFF	513
1288	#FFFFFF	782
1289	#FFFFFF	513
1290	#FFFFFF	782
1291	#FFFFFF	513
1292	#FFFFFF	513
1293	#FFFFFF	513
1294	#FFFFFF	513
1295	#FFFFFF	513
1296	#FFFFFF	513
1297	#FFFFFF	513
1298	#FFFFFF	513
1299	#FFFFFF	513
1300	#FFFFFF	513
1301	#FFFFFF	513
1302	#FFFFFF	513
1303	#FFFFFF	513
1304	#FFFFFF	513
1305	#FFFFFF	513
1306	#FFFFFF	513
1307	#FFFFFF	3386
1309	#FFFFFF	233
1310	#FFFFFF	233
1311	#FFFFFF	513
1312	#FFFFFF	513
1313	#FFFFFF	513
1314	#FFFFFF	1689
1315	#FFFFFF	1689
1316	#FFFFFF	513
1317	#FFFFFF	233
1318	#FFFFFF	233
1319	#FFFFFF	233
1320	#FFFFFF	233
1321	#FFFFFF	233
1322	#FFFFFF	233
1323	#FFFFFF	233
1324	#FFFFFF	513
1325	#FFFFFF	513
1326	#FFFFFF	513
1327	#FFFFFF	513
1328	#FFFFFF	513
1329	#FFFFFF	513
1330	#FFFFFF	513
1331	#FFFFFF	513
1332	#FFFFFF	513
1333	#FFFFFF	513
1334	#FFFFFF	513
1335	#FFFFFF	513
1336	#FFFFFF	513
1337	#FFFFFF	782
1338	#FFFFFF	233
1339	#FFFFFF	782
1340	#FFFFFF	782
1341	#FFFFFF	513
1342	#FFFFFF	513
1343	#FFFFFF	513
1344	#FFFFFF	513
1345	#FFFFFF	513
1346	#FFFFFF	513
1347	#FFFFFF	513
1348	#FFFFFF	513
1349	#FFFFFF	233
1350	#FFFFFF	513
1351	#FFFFFF	513
1352	#FFFFFF	513
1353	#FFFFFF	513
1354	#FFFFFF	513
1355	#FFFFFF	513
1356	#FFFFFF	513
1357	#FFFFFF	513
1358	#FFFFFF	3386
1359	#FFFFFF	233
1360	#FFFFFF	513
1361	#FFFFFF	513
1362	#FFFFFF	513
1363	#FFFFFF	513
1365	#FFFFFF	1689
1366	#FFFFFF	1689
1367	#FFFFFF	513
1368	#FFFFFF	513
1369	#FFFFFF	513
1370	#FFFFFF	233
1371	#FFFFFF	233
1372	#FFFFFF	233
1373	#FFFFFF	513
1374	#FFFFFF	513
1375	#FFFFFF	513
1376	#FFFFFF	513
1377	#FFFFFF	513
1378	#FFFFFF	782
1379	#FFFFFF	513
1380	#FFFFFF	513
1381	#FFFFFF	513
1382	#FFFFFF	513
1383	#FFFFFF	782
1384	#FFFFFF	513
1385	#FFFFFF	513
1386	#FFFFFF	513
1387	#FFFFFF	513
1388	#FFFFFF	233
1389	#FFFFFF	782
1390	#FFFFFF	782
1391	#FFFFFF	513
1392	#FFFFFF	513
1393	#FFFFFF	513
1394	#FFFFFF	513
1395	#FFFFFF	513
1396	#FFFFFF	513
1397	#FFFFFF	513
1398	#FFFFFF	513
1399	#FFFFFF	233
1400	#FFFFFF	550
1401	#FFFFFF	513
1402	#FFFFFF	513
1403	#FFFFFF	513
1404	#FFFFFF	513
1405	#FFFFFF	513
1406	#FFFFFF	513
1407	#FFFFFF	3386
1408	#FFFFFF	513
1410	#FFFFFF	233
1411	#FFFFFF	513
1412	#FFFFFF	513
1413	#FFFFFF	513
1414	#FFFFFF	513
1415	#FFFFFF	1689
1416	#FFFFFF	1689
1417	#FFFFFF	513
1418	#FFFFFF	513
1419	#FFFFFF	513
1420	#FFFFFF	233
1421	#FFFFFF	233
1422	#FFFFFF	233
1423	#FFFFFF	233
1424	#FFFFFF	513
1425	#FFFFFF	513
1426	#FFFFFF	513
1427	#FFFFFF	782
1428	#FFFFFF	513
1429	#FFFFFF	513
1430	#FFFFFF	782
1431	#FFFFFF	782
1432	#FFFFFF	513
1433	#FFFFFF	513
1434	#FFFFFF	782
1435	#FFFFFF	513
1436	#FFFFFF	782
1437	#FFFFFF	513
1438	#FFFFFF	782
1439	#FFFFFF	513
1440	#FFFFFF	782
1441	#FFFFFF	782
1442	#FFFFFF	513
1443	#FFFFFF	513
1444	#FFFFFF	513
1445	#FFFFFF	513
1446	#FFFFFF	513
1447	#FFFFFF	513
1448	#FFFFFF	513
1449	#FFFFFF	513
1450	#FFFFFF	233
1451	#FFFFFF	550
1452	#FFFFFF	550
1453	#FFFFFF	513
1454	#FFFFFF	513
1455	#FFFFFF	513
1456	#FFFFFF	513
1457	#FFFFFF	3386
1458	#FFFFFF	3386
1459	#FFFFFF	3386
1460	#FFFFFF	513
1461	#FFFFFF	513
1462	#FFFFFF	513
1463	#FFFFFF	513
1464	#FFFFFF	513
1466	#FFFFFF	1689
1467	#FFFFFF	513
1468	#FFFFFF	513
1469	#FFFFFF	513
1470	#FFFFFF	513
1471	#FFFFFF	233
1472	#FFFFFF	233
1473	#FFFFFF	233
1474	#FFFFFF	233
1475	#FFFFFF	513
1476	#FFFFFF	513
1477	#FFFFFF	513
1478	#FFFFFF	513
1479	#FFFFFF	782
1480	#FFFFFF	782
1481	#FFFFFF	782
1482	#FFFFFF	782
1483	#FFFFFF	513
1484	#FFFFFF	513
1485	#FFFFFF	782
1486	#FFFFFF	782
1487	#FFFFFF	782
1488	#FFFFFF	782
1489	#FFFFFF	513
1490	#FFFFFF	782
1491	#FFFFFF	513
1492	#FFFFFF	513
1493	#FFFFFF	513
1494	#FFFFFF	513
1495	#FFFFFF	513
1496	#FFFFFF	513
1497	#FFFFFF	513
1498	#FFFFFF	513
1499	#FFFFFF	513
1500	#FFFFFF	513
1501	#FFFFFF	550
1502	#FFFFFF	550
1503	#FFFFFF	550
1504	#FFFFFF	513
1506	#FFFFFF	513
1507	#FFFFFF	3386
1508	#FFFFFF	550
1509	#FFFFFF	3386
1511	#FFFFFF	233
1512	#FFFFFF	513
1513	#FFFFFF	513
1514	#FFFFFF	513
1515	#FFFFFF	513
1516	#FFFFFF	1689
1517	#FFFFFF	1689
1518	#FFFFFF	513
1519	#FFFFFF	513
1520	#FFFFFF	233
1521	#FFFFFF	233
1522	#FFFFFF	233
1523	#FFFFFF	513
1524	#FFFFFF	233
1525	#FFFFFF	513
1526	#FFFFFF	513
1527	#FFFFFF	782
1528	#FFFFFF	782
1529	#FFFFFF	513
1530	#FFFFFF	782
1531	#FFFFFF	782
1532	#FFFFFF	782
1533	#FFFFFF	513
1534	#FFFFFF	513
1535	#FFFFFF	782
1536	#FFFFFF	782
1537	#FFFFFF	782
1538	#FFFFFF	782
1539	#FFFFFF	782
1540	#FFFFFF	513
1541	#FFFFFF	513
1542	#FFFFFF	513
1543	#FFFFFF	513
1544	#FFFFFF	513
1545	#FFFFFF	513
1546	#FFFFFF	513
1547	#FFFFFF	513
1548	#FFFFFF	513
1549	#FFFFFF	513
1550	#FFFFFF	513
1551	#FFFFFF	233
1552	#FFFFFF	550
1553	#FFFFFF	550
1554	#FFFFFF	513
1555	#FFFFFF	513
1556	#FFFFFF	513
1557	#FFFFFF	3386
1558	#FFFFFF	550
1559	#FFFFFF	3386
1560	#FFFFFF	3386
1561	#FFFFFF	233
1562	#FFFFFF	513
1563	#FFFFFF	513
1564	#FFFFFF	513
1565	#FFFFFF	513
1567	#FFFFFF	1689
1568	#FFFFFF	513
1569	#FFFFFF	513
1570	#FFFFFF	233
1571	#FFFFFF	233
1572	#FFFFFF	233
1573	#FFFFFF	513
1574	#FFFFFF	233
1575	#FFFFFF	513
1576	#FFFFFF	782
1577	#FFFFFF	513
1578	#FFFFFF	782
1579	#FFFFFF	1689
1580	#FFFFFF	782
1581	#FFFFFF	782
1582	#FFFFFF	782
1583	#FFFFFF	782
1584	#FFFFFF	513
1585	#FFFFFF	782
1586	#FFFFFF	782
1587	#FFFFFF	782
1588	#FFFFFF	782
1589	#FFFFFF	782
1590	#FFFFFF	513
1591	#FFFFFF	513
1592	#FFFFFF	513
1593	#FFFFFF	513
1594	#FFFFFF	513
1595	#FFFFFF	513
1596	#FFFFFF	513
1597	#FFFFFF	513
1598	#FFFFFF	513
1599	#FFFFFF	513
1600	#FFFFFF	513
1601	#FFFFFF	513
1602	#FFFFFF	550
1603	#FFFFFF	550
1604	#FFFFFF	550
1605	#FFFFFF	550
1606	#FFFFFF	550
1607	#FFFFFF	550
1608	#FFFFFF	550
1609	#FFFFFF	550
1610	#FFFFFF	3386
1612	#FFFFFF	233
1613	#FFFFFF	513
1614	#FFFFFF	513
1615	#FFFFFF	513
1616	#FFFFFF	513
1617	#FFFFFF	1689
1618	#FFFFFF	513
1619	#FFFFFF	1689
1620	#FFFFFF	513
1621	#FFFFFF	233
1622	#FFFFFF	233
1623	#FFFFFF	513
1624	#FFFFFF	513
1625	#FFFFFF	233
1626	#FFFFFF	782
1627	#FFFFFF	782
1628	#FFFFFF	513
1629	#FFFFFF	782
1630	#FFFFFF	1689
1631	#FFFFFF	782
1632	#FFFFFF	782
1633	#FFFFFF	782
1634	#FFFFFF	782
1635	#FFFFFF	513
1636	#FFFFFF	782
1637	#FFFFFF	782
1638	#FFFFFF	782
1639	#FFFFFF	782
1640	#FFFFFF	782
1641	#FFFFFF	513
1642	#FFFFFF	513
1643	#FFFFFF	513
1644	#FFFFFF	513
1645	#FFFFFF	513
1646	#FFFFFF	513
1647	#FFFFFF	513
1648	#FFFFFF	513
1649	#FFFFFF	513
1650	#FFFFFF	513
1651	#FFFFFF	513
1652	#FFFFFF	513
1653	#FFFFFF	550
1654	#FFFFFF	550
1655	#FFFFFF	550
1656	#FFFFFF	550
1657	#FFFFFF	550
1658	#FFFFFF	550
1659	#FFFFFF	550
1660	#FFFFFF	3386
1661	#FFFFFF	3386
1662	#FFFFFF	513
1663	#FFFFFF	513
1664	#FFFFFF	513
1665	#FFFFFF	513
1666	#FFFFFF	513
1668	#FFFFFF	1689
1669	#FFFFFF	1689
1670	#FFFFFF	513
1671	#FFFFFF	233
1672	#FFFFFF	513
1673	#FFFFFF	513
1674	#FFFFFF	782
1675	#FFFFFF	513
1676	#FFFFFF	513
1677	#FFFFFF	782
1678	#FFFFFF	782
1679	#FFFFFF	782
1680	#FFFFFF	1689
1681	#FFFFFF	782
1682	#FFFFFF	782
1683	#FFFFFF	782
1684	#FFFFFF	782
1685	#FFFFFF	513
1686	#FFFFFF	513
1687	#FFFFFF	782
1688	#FFFFFF	782
1689	#FFFFFF	782
1690	#FFFFFF	782
1691	#FFFFFF	1689
1692	#FFFFFF	513
1693	#FFFFFF	513
1694	#FFFFFF	513
1695	#FFFFFF	513
1696	#FFFFFF	513
1697	#FFFFFF	513
1698	#FFFFFF	513
1699	#FFFFFF	513
1700	#FFFFFF	513
1701	#FFFFFF	513
1702	#FFFFFF	513
1703	#FFFFFF	550
1704	#FFFFFF	513
1705	#FFFFFF	513
1706	#FFFFFF	513
1707	#FFFFFF	550
1708	#FFFFFF	550
1709	#FFFFFF	550
1710	#FFFFFF	550
1711	#FFFFFF	3386
1713	#FFFFFF	513
1714	#FFFFFF	513
1715	#FFFFFF	513
1716	#FFFFFF	513
1717	#FFFFFF	513
1718	#FFFFFF	1689
1719	#FFFFFF	1689
1720	#FFFFFF	1689
1721	#FFFFFF	513
1722	#FFFFFF	513
1723	#FFFFFF	513
1724	#FFFFFF	782
1725	#FFFFFF	782
1726	#FFFFFF	513
1727	#FFFFFF	513
1728	#FFFFFF	782
1729	#FFFFFF	782
1730	#FFFFFF	782
1731	#FFFFFF	1689
1732	#FFFFFF	782
1733	#FFFFFF	782
1734	#FFFFFF	782
1735	#FFFFFF	782
1736	#FFFFFF	782
1737	#FFFFFF	513
1738	#FFFFFF	782
1739	#FFFFFF	782
1740	#FFFFFF	782
1741	#FFFFFF	782
1742	#FFFFFF	513
1743	#FFFFFF	513
1744	#FFFFFF	513
1745	#FFFFFF	513
1746	#FFFFFF	513
1747	#FFFFFF	513
1748	#FFFFFF	513
1749	#FFFFFF	513
1750	#FFFFFF	513
1751	#FFFFFF	513
1752	#FFFFFF	513
1753	#FFFFFF	513
1754	#FFFFFF	513
1755	#FFFFFF	513
1756	#FFFFFF	513
1757	#FFFFFF	550
1758	#FFFFFF	550
1759	#FFFFFF	550
1760	#FFFFFF	550
1761	#FFFFFF	550
1762	#FFFFFF	3386
1763	#FFFFFF	513
1764	#FFFFFF	513
1765	#FFFFFF	513
1766	#FFFFFF	513
1767	#FFFFFF	513
1769	#FFFFFF	1689
1770	#FFFFFF	1689
1771	#FFFFFF	513
1772	#FFFFFF	513
1773	#FFFFFF	513
1774	#FFFFFF	513
1775	#FFFFFF	782
1776	#FFFFFF	782
1777	#FFFFFF	513
1778	#FFFFFF	513
1779	#FFFFFF	782
1780	#FFFFFF	782
1781	#FFFFFF	1689
1782	#FFFFFF	782
1783	#FFFFFF	782
1784	#FFFFFF	782
1785	#FFFFFF	782
1786	#FFFFFF	782
1787	#FFFFFF	782
1788	#FFFFFF	782
1789	#FFFFFF	782
1790	#FFFFFF	782
1791	#FFFFFF	782
1792	#FFFFFF	1689
1793	#FFFFFF	513
1794	#FFFFFF	513
1795	#FFFFFF	513
1796	#FFFFFF	513
1797	#FFFFFF	513
1798	#FFFFFF	513
1799	#FFFFFF	513
1800	#FFFFFF	513
1801	#FFFFFF	513
1802	#FFFFFF	513
1803	#FFFFFF	513
1804	#FFFFFF	513
1805	#FFFFFF	513
1806	#FFFFFF	513
1807	#FFFFFF	513
1808	#FFFFFF	550
1809	#FFFFFF	550
1810	#FFFFFF	550
1811	#FFFFFF	550
1812	#FFFFFF	550
1814	#FFFFFF	513
1815	#FFFFFF	513
1816	#FFFFFF	513
1817	#FFFFFF	513
1818	#FFFFFF	513
1819	#FFFFFF	513
1820	#FFFFFF	1689
1821	#FFFFFF	1689
1822	#FFFFFF	513
1823	#FFFFFF	513
1824	#FFFFFF	513
1825	#FFFFFF	513
1826	#FFFFFF	782
1827	#FFFFFF	782
1828	#FFFFFF	513
1829	#FFFFFF	782
1830	#FFFFFF	782
1831	#FFFFFF	782
1832	#FFFFFF	1689
1833	#FFFFFF	782
1834	#FFFFFF	782
1835	#FFFFFF	782
1836	#FFFFFF	782
1837	#FFFFFF	782
1838	#FFFFFF	782
1839	#FFFFFF	782
1840	#FFFFFF	782
1841	#FFFFFF	782
1842	#FFFFFF	782
1843	#FFFFFF	513
1844	#FFFFFF	782
1845	#FFFFFF	513
1846	#FFFFFF	513
1847	#FFFFFF	513
1848	#FFFFFF	513
1849	#FFFFFF	513
1850	#FFFFFF	513
1851	#FFFFFF	513
1852	#FFFFFF	513
1853	#FFFFFF	513
1854	#FFFFFF	513
1855	#FFFFFF	513
1856	#FFFFFF	513
1857	#FFFFFF	513
1858	#FFFFFF	513
1859	#FFFFFF	550
1860	#FFFFFF	550
1861	#FFFFFF	550
1862	#FFFFFF	550
1863	#FFFFFF	550
1864	#FFFFFF	513
1865	#FFFFFF	513
1866	#FFFFFF	513
1867	#FFFFFF	513
1868	#FFFFFF	513
1870	#FFFFFF	1689
1871	#FFFFFF	1689
1872	#FFFFFF	513
1873	#FFFFFF	513
1874	#FFFFFF	513
1875	#FFFFFF	513
1876	#FFFFFF	782
1877	#FFFFFF	782
1878	#FFFFFF	513
1879	#FFFFFF	782
1880	#FFFFFF	782
1881	#FFFFFF	782
1882	#FFFFFF	1689
1883	#FFFFFF	782
1884	#FFFFFF	782
1885	#FFFFFF	782
1886	#FFFFFF	782
1887	#FFFFFF	782
1888	#FFFFFF	782
1889	#FFFFFF	782
1890	#FFFFFF	782
1891	#FFFFFF	782
1892	#FFFFFF	513
1893	#FFFFFF	1689
1894	#FFFFFF	782
1895	#FFFFFF	782
1896	#FFFFFF	513
1897	#FFFFFF	513
1898	#FFFFFF	513
1899	#FFFFFF	513
1900	#FFFFFF	513
1901	#FFFFFF	513
1902	#FFFFFF	513
1903	#FFFFFF	513
1904	#FFFFFF	513
1905	#FFFFFF	513
1906	#FFFFFF	513
1907	#FFFFFF	513
1908	#FFFFFF	513
1909	#FFFFFF	513
1910	#FFFFFF	550
1911	#FFFFFF	550
1912	#FFFFFF	550
1913	#FFFFFF	550
1915	#FFFFFF	513
1916	#FFFFFF	513
1917	#FFFFFF	513
1918	#FFFFFF	513
1919	#FFFFFF	513
1920	#FFFFFF	1689
1921	#FFFFFF	1689
1922	#FFFFFF	1689
1923	#FFFFFF	513
1924	#FFFFFF	513
1925	#FFFFFF	513
1926	#FFFFFF	513
1927	#FFFFFF	782
1928	#FFFFFF	782
1929	#FFFFFF	782
1930	#FFFFFF	782
1931	#FFFFFF	782
1932	#FFFFFF	782
1933	#FFFFFF	1689
1934	#FFFFFF	782
1935	#FFFFFF	782
1936	#FFFFFF	782
1937	#FFFFFF	782
1938	#FFFFFF	782
1939	#FFFFFF	782
1940	#FFFFFF	782
1941	#FFFFFF	782
1942	#FFFFFF	782
1943	#FFFFFF	513
1944	#FFFFFF	513
1945	#FFFFFF	782
1946	#FFFFFF	782
1947	#FFFFFF	513
1948	#FFFFFF	513
1949	#FFFFFF	513
1950	#FFFFFF	513
1951	#FFFFFF	513
1952	#FFFFFF	513
1953	#FFFFFF	513
1954	#FFFFFF	513
1955	#FFFFFF	513
1956	#FFFFFF	513
1957	#FFFFFF	513
1958	#FFFFFF	513
1959	#FFFFFF	513
1960	#FFFFFF	513
1961	#FFFFFF	550
1962	#FFFFFF	550
1963	#FFFFFF	550
1964	#FFFFFF	550
1965	#FFFFFF	513
1966	#FFFFFF	513
1967	#FFFFFF	513
1968	#FFFFFF	513
1969	#FFFFFF	513
1971	#FFFFFF	1689
1972	#FFFFFF	1689
1973	#FFFFFF	513
1974	#FFFFFF	513
1975	#FFFFFF	513
1976	#FFFFFF	513
1977	#FFFFFF	513
1978	#FFFFFF	513
1979	#FFFFFF	782
1980	#FFFFFF	782
1981	#FFFFFF	782
1982	#FFFFFF	782
1983	#FFFFFF	1689
1984	#FFFFFF	782
1985	#FFFFFF	782
1986	#FFFFFF	782
1987	#FFFFFF	782
1988	#FFFFFF	782
1989	#FFFFFF	782
1990	#FFFFFF	782
1991	#FFFFFF	513
1992	#FFFFFF	513
1993	#FFFFFF	513
1994	#FFFFFF	513
1995	#FFFFFF	782
1996	#FFFFFF	782
1997	#FFFFFF	513
1998	#FFFFFF	513
1999	#FFFFFF	513
2000	#FFFFFF	513
2001	#FFFFFF	513
2002	#FFFFFF	513
2003	#FFFFFF	513
2004	#FFFFFF	513
2005	#FFFFFF	513
2006	#FFFFFF	513
2007	#FFFFFF	513
2008	#FFFFFF	513
2009	#FFFFFF	513
2010	#FFFFFF	513
2011	#FFFFFF	550
2012	#FFFFFF	550
2013	#FFFFFF	3149
2014	#FFFFFF	550
2016	#FFFFFF	513
2017	#FFFFFF	513
2018	#FFFFFF	513
2019	#FFFFFF	513
2020	#FFFFFF	513
2021	#FFFFFF	1689
2022	#FFFFFF	1689
2023	#FFFFFF	1689
2024	#FFFFFF	513
2025	#FFFFFF	3554
2026	#FFFFFF	513
2027	#FFFFFF	3554
2028	#FFFFFF	513
2029	#FFFFFF	782
2030	#FFFFFF	782
2031	#FFFFFF	782
2032	#FFFFFF	782
2033	#FFFFFF	782
2034	#FFFFFF	513
2035	#FFFFFF	782
2036	#FFFFFF	782
2037	#FFFFFF	782
2038	#FFFFFF	782
2039	#FFFFFF	782
2040	#FFFFFF	782
2041	#FFFFFF	782
2042	#FFFFFF	513
2043	#FFFFFF	513
2044	#FFFFFF	782
2045	#FFFFFF	513
2046	#FFFFFF	782
2047	#FFFFFF	513
2048	#FFFFFF	513
2049	#FFFFFF	513
2050	#FFFFFF	513
2051	#FFFFFF	513
2052	#FFFFFF	513
2053	#FFFFFF	513
2054	#FFFFFF	513
2055	#FFFFFF	513
2056	#FFFFFF	513
2057	#FFFFFF	513
2058	#FFFFFF	3149
2059	#FFFFFF	513
2060	#FFFFFF	513
2061	#FFFFFF	513
2062	#FFFFFF	3149
2063	#FFFFFF	3149
2064	#FFFFFF	550
2065	#FFFFFF	550
2066	#FFFFFF	513
2067	#FFFFFF	513
2068	#FFFFFF	513
2069	#FFFFFF	513
2070	#FFFFFF	513
2072	#FFFFFF	513
2073	#FFFFFF	513
2074	#FFFFFF	513
2075	#FFFFFF	3554
2076	#FFFFFF	513
2077	#FFFFFF	3554
2078	#FFFFFF	513
2079	#FFFFFF	782
2080	#FFFFFF	782
2081	#FFFFFF	782
2082	#FFFFFF	782
2083	#FFFFFF	782
2084	#FFFFFF	1689
2085	#FFFFFF	782
2086	#FFFFFF	782
2087	#FFFFFF	782
2088	#FFFFFF	782
2089	#FFFFFF	782
2090	#FFFFFF	513
2091	#FFFFFF	782
2092	#FFFFFF	782
2093	#FFFFFF	782
2094	#FFFFFF	513
2095	#FFFFFF	513
2096	#FFFFFF	782
2097	#FFFFFF	513
2098	#FFFFFF	513
2099	#FFFFFF	513
2100	#FFFFFF	513
2101	#FFFFFF	513
2102	#FFFFFF	513
2103	#FFFFFF	513
2104	#FFFFFF	513
2105	#FFFFFF	513
2106	#FFFFFF	513
2107	#FFFFFF	513
2108	#FFFFFF	3149
2109	#FFFFFF	513
2110	#FFFFFF	513
2111	#FFFFFF	513
2112	#FFFFFF	513
2113	#FFFFFF	3149
2114	#FFFFFF	3149
2115	#FFFFFF	550
2117	#FFFFFF	513
2118	#FFFFFF	513
2119	#FFFFFF	513
2120	#FFFFFF	513
2121	#FFFFFF	513
2122	#FFFFFF	513
2123	#FFFFFF	513
2124	#FFFFFF	513
2125	#FFFFFF	513
2126	#FFFFFF	3554
2127	#FFFFFF	3554
2128	#FFFFFF	3554
2129	#FFFFFF	513
2130	#FFFFFF	782
2131	#FFFFFF	782
2132	#FFFFFF	782
2133	#FFFFFF	782
2134	#FFFFFF	782
2135	#FFFFFF	513
2136	#FFFFFF	782
2137	#FFFFFF	782
2138	#FFFFFF	513
2139	#FFFFFF	782
2140	#FFFFFF	513
2141	#FFFFFF	513
2142	#FFFFFF	513
2143	#FFFFFF	782
2144	#FFFFFF	513
2145	#FFFFFF	513
2146	#FFFFFF	513
2147	#FFFFFF	513
2148	#FFFFFF	513
2149	#FFFFFF	513
2150	#FFFFFF	513
2151	#FFFFFF	513
2152	#FFFFFF	513
2153	#FFFFFF	513
2154	#FFFFFF	513
2155	#FFFFFF	513
2156	#FFFFFF	3149
2157	#FFFFFF	513
2158	#FFFFFF	3149
2159	#FFFFFF	3149
2160	#FFFFFF	513
2161	#FFFFFF	513
2162	#FFFFFF	513
2163	#FFFFFF	3149
2164	#FFFFFF	3149
2165	#FFFFFF	550
2166	#FFFFFF	550
2167	#FFFFFF	1861
2168	#FFFFFF	513
2169	#FFFFFF	513
2170	#FFFFFF	513
2171	#FFFFFF	513
2173	#FFFFFF	513
2174	#FFFFFF	513
2175	#FFFFFF	513
2176	#FFFFFF	513
2177	#FFFFFF	3554
2178	#FFFFFF	513
2179	#FFFFFF	513
2180	#FFFFFF	782
2181	#FFFFFF	782
2182	#FFFFFF	782
2183	#FFFFFF	782
2184	#FFFFFF	782
2185	#FFFFFF	513
2186	#FFFFFF	782
2187	#FFFFFF	782
2188	#FFFFFF	782
2189	#FFFFFF	513
2190	#FFFFFF	513
2191	#FFFFFF	513
2192	#FFFFFF	513
2193	#FFFFFF	782
2194	#FFFFFF	782
2195	#FFFFFF	513
2196	#FFFFFF	513
2197	#FFFFFF	513
2198	#FFFFFF	513
2199	#FFFFFF	513
2200	#FFFFFF	513
2201	#FFFFFF	513
2202	#FFFFFF	513
2203	#FFFFFF	513
2204	#FFFFFF	513
2205	#FFFFFF	513
2206	#FFFFFF	513
2207	#FFFFFF	513
2208	#FFFFFF	3149
2209	#FFFFFF	3149
2210	#FFFFFF	513
2211	#FFFFFF	513
2212	#FFFFFF	513
2213	#FFFFFF	3149
2214	#FFFFFF	550
2215	#FFFFFF	550
2216	#FFFFFF	550
2218	#FFFFFF	513
2219	#FFFFFF	1861
2220	#FFFFFF	513
2221	#FFFFFF	513
2222	#FFFFFF	513
2223	#FFFFFF	513
2224	#FFFFFF	513
2225	#FFFFFF	513
2226	#FFFFFF	513
2227	#FFFFFF	3554
2228	#FFFFFF	513
2229	#FFFFFF	513
2230	#FFFFFF	782
2231	#FFFFFF	782
2232	#FFFFFF	782
2233	#FFFFFF	782
2234	#FFFFFF	782
2235	#FFFFFF	782
2236	#FFFFFF	513
2237	#FFFFFF	782
2238	#FFFFFF	782
2239	#FFFFFF	513
2240	#FFFFFF	513
2241	#FFFFFF	513
2242	#FFFFFF	513
2243	#FFFFFF	782
2244	#FFFFFF	782
2245	#FFFFFF	513
2246	#FFFFFF	513
2247	#FFFFFF	513
2248	#FFFFFF	2792
2249	#FFFFFF	513
2250	#FFFFFF	513
2251	#FFFFFF	513
2252	#FFFFFF	513
2253	#FFFFFF	513
2254	#FFFFFF	513
2255	#FFFFFF	513
2256	#FFFFFF	513
2257	#FFFFFF	513
2258	#FFFFFF	513
2259	#FFFFFF	3149
2260	#FFFFFF	3149
2261	#FFFFFF	513
2262	#FFFFFF	3149
2263	#FFFFFF	3149
2264	#FFFFFF	550
2265	#FFFFFF	550
2266	#FFFFFF	550
2267	#FFFFFF	550
2268	#FFFFFF	513
2269	#FFFFFF	1861
2270	#FFFFFF	1861
2271	#FFFFFF	513
2272	#FFFFFF	1861
2274	#FFFFFF	513
2275	#FFFFFF	513
2276	#FFFFFF	366
2277	#FFFFFF	233
2278	#FFFFFF	2233
2279	#FFFFFF	2233
2280	#FFFFFF	2233
2281	#FFFFFF	2233
2282	#FFFFFF	2233
2283	#FFFFFF	233
2284	#FFFFFF	233
2285	#FFFFFF	233
2286	#FFFFFF	233
2287	#FFFFFF	233
2288	#FFFFFF	233
2289	#FFFFFF	233
2290	#FFFFFF	233
2291	#FFFFFF	233
2292	#FFFFFF	233
2293	#FFFFFF	233
2294	#FFFFFF	513
2295	#FFFFFF	233
2296	#FFFFFF	233
2297	#FFFFFF	233
2298	#FFFFFF	513
2299	#FFFFFF	513
2300	#FFFFFF	1766
2301	#FFFFFF	513
2302	#FFFFFF	513
2303	#FFFFFF	1766
2304	#FFFFFF	513
2305	#FFFFFF	513
2306	#FFFFFF	513
2307	#FFFFFF	1766
2308	#FFFFFF	366
2309	#FFFFFF	1766
2310	#FFFFFF	1766
2311	#FFFFFF	1766
2312	#FFFFFF	1766
2313	#FFFFFF	513
2314	#FFFFFF	1766
2315	#FFFFFF	1766
2316	#FFFFFF	2452
2317	#FFFFFF	513
2319	#FFFFFF	366
2320	#FFFFFF	366
2321	#FFFFFF	233
2322	#FFFFFF	366
2323	#FFFFFF	366
2324	#FFFFFF	513
2325	#FFFFFF	513
2326	#FFFFFF	513
2327	#FFFFFF	233
2328	#FFFFFF	2233
2329	#FFFFFF	233
2330	#FFFFFF	2233
2331	#FFFFFF	2233
2332	#FFFFFF	2233
2333	#FFFFFF	233
2334	#FFFFFF	233
2335	#FFFFFF	233
2336	#FFFFFF	233
2337	#FFFFFF	233
2338	#FFFFFF	233
2339	#FFFFFF	233
2340	#FFFFFF	233
2341	#FFFFFF	233
2342	#FFFFFF	233
2343	#FFFFFF	233
2344	#FFFFFF	233
2345	#FFFFFF	513
2346	#FFFFFF	513
2347	#FFFFFF	513
2348	#FFFFFF	366
2349	#FFFFFF	513
2350	#FFFFFF	1766
2351	#FFFFFF	513
2352	#FFFFFF	513
2353	#FFFFFF	513
2354	#FFFFFF	513
2355	#FFFFFF	513
2356	#FFFFFF	513
2357	#FFFFFF	1766
2358	#FFFFFF	513
2359	#FFFFFF	366
2360	#FFFFFF	1766
2361	#FFFFFF	1766
2362	#FFFFFF	1766
2363	#FFFFFF	1766
2364	#FFFFFF	1766
2365	#FFFFFF	513
2366	#FFFFFF	513
2367	#FFFFFF	513
2368	#FFFFFF	2452
2369	#FFFFFF	233
2370	#FFFFFF	233
2371	#FFFFFF	233
2372	#FFFFFF	366
2373	#FFFFFF	366
2375	#FFFFFF	1861
2376	#FFFFFF	1861
2377	#FFFFFF	1861
2378	#FFFFFF	513
2379	#FFFFFF	3554
2380	#FFFFFF	3554
2381	#FFFFFF	513
2382	#FFFFFF	513
2383	#FFFFFF	513
2384	#FFFFFF	782
2385	#FFFFFF	782
2386	#FFFFFF	782
2387	#FFFFFF	513
2388	#FFFFFF	782
2389	#FFFFFF	782
2390	#FFFFFF	782
2391	#FFFFFF	782
2392	#FFFFFF	513
2393	#FFFFFF	513
2394	#FFFFFF	513
2395	#FFFFFF	513
2396	#FFFFFF	513
2397	#FFFFFF	513
2398	#FFFFFF	513
2399	#FFFFFF	2792
2400	#FFFFFF	2792
2401	#FFFFFF	513
2402	#FFFFFF	513
2403	#FFFFFF	513
2404	#FFFFFF	513
2405	#FFFFFF	513
2406	#FFFFFF	513
2407	#FFFFFF	513
2408	#FFFFFF	513
2409	#FFFFFF	513
2410	#FFFFFF	513
2411	#FFFFFF	3149
2412	#FFFFFF	513
2413	#FFFFFF	3149
2414	#FFFFFF	3149
2415	#FFFFFF	550
2416	#FFFFFF	3149
2417	#FFFFFF	550
2418	#FFFFFF	550
2420	#FFFFFF	513
2421	#FFFFFF	1861
2422	#FFFFFF	1861
2423	#FFFFFF	1861
2424	#FFFFFF	513
2425	#FFFFFF	513
2426	#FFFFFF	1861
2427	#FFFFFF	513
2428	#FFFFFF	513
2429	#FFFFFF	3554
2430	#FFFFFF	3554
2431	#FFFFFF	3554
2432	#FFFFFF	513
2433	#FFFFFF	513
2434	#FFFFFF	782
2435	#FFFFFF	782
2436	#FFFFFF	782
2437	#FFFFFF	782
2438	#FFFFFF	513
2439	#FFFFFF	782
2440	#FFFFFF	782
2441	#FFFFFF	782
2442	#FFFFFF	513
2443	#FFFFFF	513
2444	#FFFFFF	513
2445	#FFFFFF	513
2446	#FFFFFF	513
2447	#FFFFFF	2792
2448	#FFFFFF	513
2449	#FFFFFF	513
2450	#FFFFFF	2792
2451	#FFFFFF	2792
2452	#FFFFFF	513
2453	#FFFFFF	513
2454	#FFFFFF	513
2455	#FFFFFF	513
2456	#FFFFFF	513
2457	#FFFFFF	513
2458	#FFFFFF	513
2459	#FFFFFF	513
2460	#FFFFFF	513
2461	#FFFFFF	513
2462	#FFFFFF	3149
2463	#FFFFFF	513
2464	#FFFFFF	3149
2465	#FFFFFF	550
2466	#FFFFFF	3149
2467	#FFFFFF	550
2468	#FFFFFF	550
2469	#FFFFFF	550
2470	#FFFFFF	1861
2471	#FFFFFF	1861
2472	#FFFFFF	513
2473	#FFFFFF	513
2474	#FFFFFF	1861
2476	#FFFFFF	1861
2477	#FFFFFF	1861
2478	#FFFFFF	513
2479	#FFFFFF	3554
2480	#FFFFFF	3554
2481	#FFFFFF	513
2482	#FFFFFF	513
2483	#FFFFFF	513
2484	#FFFFFF	782
2485	#FFFFFF	782
2486	#FFFFFF	782
2487	#FFFFFF	782
2488	#FFFFFF	513
2489	#FFFFFF	782
2490	#FFFFFF	782
2491	#FFFFFF	782
2492	#FFFFFF	782
2493	#FFFFFF	513
2494	#FFFFFF	513
2495	#FFFFFF	513
2496	#FFFFFF	513
2497	#FFFFFF	513
2498	#FFFFFF	2792
2499	#FFFFFF	1861
2500	#FFFFFF	2792
2501	#FFFFFF	513
2502	#FFFFFF	513
2503	#FFFFFF	513
2504	#FFFFFF	513
2505	#FFFFFF	513
2506	#FFFFFF	513
2507	#FFFFFF	513
2508	#FFFFFF	513
2509	#FFFFFF	513
2510	#FFFFFF	513
2511	#FFFFFF	513
2512	#FFFFFF	513
2513	#FFFFFF	3149
2514	#FFFFFF	3149
2515	#FFFFFF	3149
2516	#FFFFFF	3149
2517	#FFFFFF	550
2518	#FFFFFF	3149
2519	#FFFFFF	550
2521	#FFFFFF	1861
2522	#FFFFFF	1861
2523	#FFFFFF	513
2524	#FFFFFF	513
2525	#FFFFFF	1861
2526	#FFFFFF	1861
2527	#FFFFFF	1861
2528	#FFFFFF	1861
2529	#FFFFFF	3554
2530	#FFFFFF	3554
2531	#FFFFFF	3554
2532	#FFFFFF	513
2533	#FFFFFF	513
2534	#FFFFFF	782
2535	#FFFFFF	782
2536	#FFFFFF	782
2537	#FFFFFF	782
2538	#FFFFFF	782
2539	#FFFFFF	1861
2540	#FFFFFF	782
2541	#FFFFFF	513
2542	#FFFFFF	782
2543	#FFFFFF	513
2544	#FFFFFF	513
2545	#FFFFFF	513
2546	#FFFFFF	513
2547	#FFFFFF	513
2548	#FFFFFF	513
2549	#FFFFFF	2792
2550	#FFFFFF	513
2551	#FFFFFF	2792
2552	#FFFFFF	513
2553	#FFFFFF	513
2554	#FFFFFF	513
2555	#FFFFFF	513
2556	#FFFFFF	513
2557	#FFFFFF	513
2558	#FFFFFF	513
2559	#FFFFFF	513
2560	#FFFFFF	513
2561	#FFFFFF	513
2562	#FFFFFF	513
2563	#FFFFFF	513
2564	#FFFFFF	3149
2565	#FFFFFF	3149
2566	#FFFFFF	3149
2567	#FFFFFF	3149
2568	#FFFFFF	3149
2569	#FFFFFF	550
2570	#FFFFFF	3149
2571	#FFFFFF	1861
2572	#FFFFFF	1861
2573	#FFFFFF	513
2574	#FFFFFF	1861
2575	#FFFFFF	1861
2577	#FFFFFF	1861
2578	#FFFFFF	1861
2579	#FFFFFF	513
2580	#FFFFFF	3554
2581	#FFFFFF	3554
2582	#FFFFFF	513
2583	#FFFFFF	513
2584	#FFFFFF	782
2585	#FFFFFF	782
2586	#FFFFFF	782
2587	#FFFFFF	513
2588	#FFFFFF	782
2589	#FFFFFF	1861
2590	#FFFFFF	782
2591	#FFFFFF	782
2592	#FFFFFF	513
2593	#FFFFFF	782
2594	#FFFFFF	513
2595	#FFFFFF	513
2596	#FFFFFF	513
2597	#FFFFFF	2792
2598	#FFFFFF	513
2599	#FFFFFF	513
2600	#FFFFFF	513
2601	#FFFFFF	2792
2602	#FFFFFF	2792
2603	#FFFFFF	513
2604	#FFFFFF	2792
2605	#FFFFFF	513
2606	#FFFFFF	513
2607	#FFFFFF	513
2608	#FFFFFF	513
2609	#FFFFFF	513
2610	#FFFFFF	513
2611	#FFFFFF	513
2612	#FFFFFF	513
2613	#FFFFFF	513
2614	#FFFFFF	513
2615	#FFFFFF	3149
2616	#FFFFFF	3149
2617	#FFFFFF	3149
2618	#FFFFFF	3149
2619	#FFFFFF	3149
2620	#FFFFFF	550
2622	#FFFFFF	513
2623	#FFFFFF	1861
2624	#FFFFFF	1861
2625	#FFFFFF	513
2626	#FFFFFF	1861
2627	#FFFFFF	1861
2628	#FFFFFF	1861
2629	#FFFFFF	1861
2630	#FFFFFF	513
2631	#FFFFFF	3554
2632	#FFFFFF	3554
2633	#FFFFFF	513
2634	#FFFFFF	513
2635	#FFFFFF	782
2636	#FFFFFF	782
2637	#FFFFFF	513
2638	#FFFFFF	782
2639	#FFFFFF	782
2640	#FFFFFF	1861
2641	#FFFFFF	782
2642	#FFFFFF	782
2643	#FFFFFF	513
2644	#FFFFFF	513
2645	#FFFFFF	513
2646	#FFFFFF	513
2647	#FFFFFF	513
2648	#FFFFFF	2792
2649	#FFFFFF	2792
2650	#FFFFFF	2792
2651	#FFFFFF	1861
2652	#FFFFFF	2792
2653	#FFFFFF	2792
2654	#FFFFFF	2792
2655	#FFFFFF	513
2656	#FFFFFF	513
2657	#FFFFFF	513
2658	#FFFFFF	513
2659	#FFFFFF	513
2660	#FFFFFF	513
2661	#FFFFFF	513
2662	#FFFFFF	513
2663	#FFFFFF	513
2664	#FFFFFF	513
2665	#FFFFFF	3149
2666	#FFFFFF	3149
2667	#FFFFFF	550
2668	#FFFFFF	3149
2669	#FFFFFF	550
2670	#FFFFFF	3149
2671	#FFFFFF	550
2672	#FFFFFF	1861
2673	#FFFFFF	1861
2674	#FFFFFF	1861
2675	#FFFFFF	1861
2676	#FFFFFF	1861
2678	#FFFFFF	1861
2679	#FFFFFF	1861
2680	#FFFFFF	513
2681	#FFFFFF	513
2682	#FFFFFF	513
2683	#FFFFFF	3554
2684	#FFFFFF	513
2685	#FFFFFF	782
2686	#FFFFFF	513
2687	#FFFFFF	782
2688	#FFFFFF	513
2689	#FFFFFF	782
2690	#FFFFFF	1861
2691	#FFFFFF	782
2692	#FFFFFF	513
2693	#FFFFFF	513
2694	#FFFFFF	513
2695	#FFFFFF	513
2696	#FFFFFF	513
2697	#FFFFFF	513
2698	#FFFFFF	513
2699	#FFFFFF	2792
2700	#FFFFFF	2792
2701	#FFFFFF	1861
2702	#FFFFFF	2792
2703	#FFFFFF	2792
2704	#FFFFFF	2792
2705	#FFFFFF	513
2706	#FFFFFF	513
2707	#FFFFFF	513
2708	#FFFFFF	513
2709	#FFFFFF	513
2710	#FFFFFF	513
2711	#FFFFFF	513
2712	#FFFFFF	1861
2713	#FFFFFF	513
2714	#FFFFFF	513
2715	#FFFFFF	513
2716	#FFFFFF	550
2717	#FFFFFF	550
2718	#FFFFFF	550
2719	#FFFFFF	550
2720	#FFFFFF	3149
2721	#FFFFFF	3149
2723	#FFFFFF	1861
2724	#FFFFFF	1861
2725	#FFFFFF	513
2726	#FFFFFF	1861
2727	#FFFFFF	1861
2728	#FFFFFF	1861
2729	#FFFFFF	1861
2730	#FFFFFF	1861
2731	#FFFFFF	513
2732	#FFFFFF	513
2733	#FFFFFF	513
2734	#FFFFFF	3554
2735	#FFFFFF	513
2736	#FFFFFF	782
2737	#FFFFFF	513
2738	#FFFFFF	513
2739	#FFFFFF	513
2740	#FFFFFF	782
2741	#FFFFFF	1861
2742	#FFFFFF	782
2743	#FFFFFF	513
2744	#FFFFFF	513
2745	#FFFFFF	513
2746	#FFFFFF	513
2747	#FFFFFF	513
2748	#FFFFFF	513
2749	#FFFFFF	513
2750	#FFFFFF	513
2751	#FFFFFF	513
2752	#FFFFFF	1861
2753	#FFFFFF	2792
2754	#FFFFFF	2792
2755	#FFFFFF	2792
2756	#FFFFFF	513
2757	#FFFFFF	513
2758	#FFFFFF	513
2759	#FFFFFF	513
2760	#FFFFFF	513
2761	#FFFFFF	513
2762	#FFFFFF	513
2763	#FFFFFF	1861
2764	#FFFFFF	513
2765	#FFFFFF	513
2766	#FFFFFF	513
2767	#FFFFFF	550
2768	#FFFFFF	550
2769	#FFFFFF	550
2770	#FFFFFF	3149
2771	#FFFFFF	3149
2772	#FFFFFF	3149
2773	#FFFFFF	1861
2774	#FFFFFF	513
2775	#FFFFFF	1861
2776	#FFFFFF	513
2777	#FFFFFF	513
2779	#FFFFFF	1861
2780	#FFFFFF	1861
2781	#FFFFFF	513
2782	#FFFFFF	513
2783	#FFFFFF	513
2784	#FFFFFF	513
2785	#FFFFFF	513
2786	#FFFFFF	513
2787	#FFFFFF	513
2788	#FFFFFF	513
2789	#FFFFFF	513
2790	#FFFFFF	513
2791	#FFFFFF	1861
2792	#FFFFFF	513
2793	#FFFFFF	513
2794	#FFFFFF	513
2795	#FFFFFF	513
2796	#FFFFFF	513
2797	#FFFFFF	513
2798	#FFFFFF	513
2799	#FFFFFF	513
2800	#FFFFFF	513
2802	#FFFFFF	1861
2803	#FFFFFF	2792
2804	#FFFFFF	2792
2805	#FFFFFF	2792
2806	#FFFFFF	513
2807	#FFFFFF	513
2808	#FFFFFF	513
2809	#FFFFFF	513
2810	#FFFFFF	513
2811	#FFFFFF	513
2812	#FFFFFF	513
2813	#FFFFFF	1861
2814	#FFFFFF	513
2815	#FFFFFF	513
2816	#FFFFFF	513
2817	#FFFFFF	550
2818	#FFFFFF	550
2819	#FFFFFF	550
2820	#FFFFFF	3149
2821	#FFFFFF	3149
2822	#FFFFFF	3149
2824	#FFFFFF	1861
2825	#FFFFFF	513
2826	#FFFFFF	513
2827	#FFFFFF	1861
2828	#FFFFFF	513
2829	#FFFFFF	1861
2830	#FFFFFF	1861
2831	#FFFFFF	1861
2832	#FFFFFF	513
2833	#FFFFFF	513
2834	#FFFFFF	513
2835	#FFFFFF	513
2836	#FFFFFF	513
2837	#FFFFFF	513
2838	#FFFFFF	513
2839	#FFFFFF	513
2840	#FFFFFF	513
2841	#FFFFFF	513
2842	#FFFFFF	1861
2843	#FFFFFF	513
2844	#FFFFFF	513
2845	#FFFFFF	513
2846	#FFFFFF	513
2847	#FFFFFF	513
2848	#FFFFFF	513
2849	#FFFFFF	513
2850	#FFFFFF	513
2851	#FFFFFF	513
2852	#FFFFFF	513
2853	#FFFFFF	1861
2854	#FFFFFF	2792
2855	#FFFFFF	513
2856	#FFFFFF	513
2857	#FFFFFF	513
2858	#FFFFFF	513
2859	#FFFFFF	513
2860	#FFFFFF	513
2861	#FFFFFF	513
2862	#FFFFFF	513
2863	#FFFFFF	513
2864	#FFFFFF	1861
2865	#FFFFFF	513
2866	#FFFFFF	513
2867	#FFFFFF	4006
2868	#FFFFFF	550
2869	#FFFFFF	550
2870	#FFFFFF	3149
2871	#FFFFFF	3149
2872	#FFFFFF	3149
2873	#FFFFFF	3149
2874	#FFFFFF	1861
2875	#FFFFFF	513
2876	#FFFFFF	1861
2877	#FFFFFF	1861
2878	#FFFFFF	513
2880	#FFFFFF	1861
2881	#FFFFFF	1861
2882	#FFFFFF	513
2883	#FFFFFF	513
2884	#FFFFFF	513
2885	#FFFFFF	513
2886	#FFFFFF	513
2887	#FFFFFF	513
2888	#FFFFFF	513
2889	#FFFFFF	513
2890	#FFFFFF	513
2891	#FFFFFF	513
2892	#FFFFFF	1861
2893	#FFFFFF	513
2894	#FFFFFF	513
2895	#FFFFFF	513
2896	#FFFFFF	513
2897	#FFFFFF	513
2898	#FFFFFF	513
2899	#FFFFFF	513
2900	#FFFFFF	513
2901	#FFFFFF	513
2902	#FFFFFF	513
2903	#FFFFFF	1861
2904	#FFFFFF	2792
2905	#FFFFFF	2792
2906	#FFFFFF	513
2907	#FFFFFF	513
2908	#FFFFFF	513
2909	#FFFFFF	513
2910	#FFFFFF	4006
2911	#FFFFFF	513
2912	#FFFFFF	513
2913	#FFFFFF	513
2914	#FFFFFF	1861
2915	#FFFFFF	513
2916	#FFFFFF	513
2917	#FFFFFF	4006
2918	#FFFFFF	4006
2919	#FFFFFF	4006
2920	#FFFFFF	550
2921	#FFFFFF	3149
2922	#FFFFFF	3149
2923	#FFFFFF	3149
2925	#FFFFFF	1861
2926	#FFFFFF	513
2927	#FFFFFF	1861
2928	#FFFFFF	513
2929	#FFFFFF	513
2930	#FFFFFF	1861
2931	#FFFFFF	1861
2932	#FFFFFF	1861
2933	#FFFFFF	513
2934	#FFFFFF	513
2935	#FFFFFF	513
2936	#FFFFFF	513
2937	#FFFFFF	513
2938	#FFFFFF	513
2939	#FFFFFF	513
2940	#FFFFFF	513
2941	#FFFFFF	513
2942	#FFFFFF	513
2943	#FFFFFF	1861
2944	#FFFFFF	513
2945	#FFFFFF	513
2946	#FFFFFF	513
2947	#FFFFFF	513
2948	#FFFFFF	513
2949	#FFFFFF	513
2950	#FFFFFF	513
2951	#FFFFFF	513
2952	#FFFFFF	513
2953	#FFFFFF	2792
2954	#FFFFFF	1861
2955	#FFFFFF	2792
2956	#FFFFFF	513
2957	#FFFFFF	513
2958	#FFFFFF	513
2959	#FFFFFF	4006
2960	#FFFFFF	4006
2961	#FFFFFF	4006
2962	#FFFFFF	4006
2963	#FFFFFF	513
2964	#FFFFFF	513
2965	#FFFFFF	1861
2966	#FFFFFF	513
2967	#FFFFFF	4006
2968	#FFFFFF	4006
2969	#FFFFFF	4006
2970	#FFFFFF	550
2971	#FFFFFF	3149
2972	#FFFFFF	3149
2973	#FFFFFF	3149
2974	#FFFFFF	550
2975	#FFFFFF	513
2977	#FFFFFF	513
2978	#FFFFFF	513
2979	#FFFFFF	513
2981	#FFFFFF	1861
2982	#FFFFFF	1861
2983	#FFFFFF	513
2984	#FFFFFF	513
2985	#FFFFFF	513
2986	#FFFFFF	513
2987	#FFFFFF	1675
2988	#FFFFFF	513
2989	#FFFFFF	513
2990	#FFFFFF	513
2991	#FFFFFF	513
2992	#FFFFFF	513
2993	#FFFFFF	1861
2994	#FFFFFF	513
2995	#FFFFFF	513
2996	#FFFFFF	513
2997	#FFFFFF	513
2998	#FFFFFF	513
2999	#FFFFFF	513
3000	#FFFFFF	513
3001	#FFFFFF	513
3002	#FFFFFF	513
3003	#FFFFFF	513
3004	#FFFFFF	1861
3005	#FFFFFF	513
3006	#FFFFFF	513
3007	#FFFFFF	513
3008	#FFFFFF	513
3009	#FFFFFF	4006
3010	#FFFFFF	4006
3011	#FFFFFF	4006
3012	#FFFFFF	4006
3013	#FFFFFF	513
3014	#FFFFFF	513
3015	#FFFFFF	1861
3016	#FFFFFF	4006
3017	#FFFFFF	513
3018	#FFFFFF	4006
3019	#FFFFFF	4006
3020	#FFFFFF	550
3021	#FFFFFF	550
3022	#FFFFFF	550
3023	#FFFFFF	550
3024	#FFFFFF	3149
3026	#FFFFFF	513
3027	#FFFFFF	513
3028	#FFFFFF	513
3029	#FFFFFF	513
3030	#FFFFFF	513
3031	#FFFFFF	1861
3032	#FFFFFF	1861
3033	#FFFFFF	1861
3034	#FFFFFF	513
3035	#FFFFFF	513
3036	#FFFFFF	513
3037	#FFFFFF	513
3038	#FFFFFF	1675
3039	#FFFFFF	513
3040	#FFFFFF	513
3041	#FFFFFF	1675
3042	#FFFFFF	1675
3043	#FFFFFF	1675
3044	#FFFFFF	1861
3045	#FFFFFF	1675
3046	#FFFFFF	513
3047	#FFFFFF	513
3048	#FFFFFF	513
3049	#FFFFFF	513
3050	#FFFFFF	513
3051	#FFFFFF	513
3052	#FFFFFF	513
3053	#FFFFFF	513
3054	#FFFFFF	513
3055	#FFFFFF	1861
3056	#FFFFFF	513
3057	#FFFFFF	513
3058	#FFFFFF	513
3059	#FFFFFF	550
3060	#FFFFFF	4006
3061	#FFFFFF	4006
3062	#FFFFFF	4006
3063	#FFFFFF	4006
3064	#FFFFFF	513
3065	#FFFFFF	513
3066	#FFFFFF	1861
3067	#FFFFFF	4006
3068	#FFFFFF	4006
3069	#FFFFFF	4006
3070	#FFFFFF	4006
3071	#FFFFFF	550
3072	#FFFFFF	550
3073	#FFFFFF	550
3074	#FFFFFF	550
3075	#FFFFFF	550
3076	#FFFFFF	513
3077	#FFFFFF	513
3078	#FFFFFF	513
3079	#FFFFFF	513
3080	#FFFFFF	513
3082	#FFFFFF	1861
3083	#FFFFFF	1861
3084	#FFFFFF	513
3085	#FFFFFF	513
3086	#FFFFFF	513
3087	#FFFFFF	513
3088	#FFFFFF	1675
3089	#FFFFFF	513
3090	#FFFFFF	513
3091	#FFFFFF	513
3092	#FFFFFF	1675
3093	#FFFFFF	1675
3094	#FFFFFF	1861
3095	#FFFFFF	1675
3096	#FFFFFF	1675
3097	#FFFFFF	513
3098	#FFFFFF	513
3099	#FFFFFF	513
3100	#FFFFFF	513
3101	#FFFFFF	513
3102	#FFFFFF	513
3103	#FFFFFF	513
3104	#FFFFFF	513
3105	#FFFFFF	1861
3106	#FFFFFF	513
3107	#FFFFFF	513
3108	#FFFFFF	513
3109	#FFFFFF	513
3110	#FFFFFF	550
3111	#FFFFFF	4006
3112	#FFFFFF	4006
3113	#FFFFFF	4006
3114	#FFFFFF	513
3115	#FFFFFF	513
3116	#FFFFFF	1861
3117	#FFFFFF	513
3118	#FFFFFF	4006
3119	#FFFFFF	4006
3120	#FFFFFF	4006
3121	#FFFFFF	4006
3122	#FFFFFF	550
3123	#FFFFFF	550
3124	#FFFFFF	550
3125	#FFFFFF	550
3127	#FFFFFF	513
3128	#FFFFFF	513
3129	#FFFFFF	513
3130	#FFFFFF	513
3131	#FFFFFF	513
3132	#FFFFFF	550
3133	#FFFFFF	1861
3134	#FFFFFF	1861
3136	#FFFFFF	513
3137	#FFFFFF	513
3138	#FFFFFF	1675
3139	#FFFFFF	1675
3140	#FFFFFF	1675
3141	#FFFFFF	513
3142	#FFFFFF	1675
3143	#FFFFFF	1675
3144	#FFFFFF	1675
3145	#FFFFFF	1861
3146	#FFFFFF	1675
3147	#FFFFFF	513
3148	#FFFFFF	513
3149	#FFFFFF	513
3150	#FFFFFF	513
3151	#FFFFFF	513
3152	#FFFFFF	513
3153	#FFFFFF	513
3154	#FFFFFF	513
3155	#FFFFFF	513
3156	#FFFFFF	1861
3157	#FFFFFF	513
3158	#FFFFFF	513
3159	#FFFFFF	513
3160	#FFFFFF	513
3161	#FFFFFF	550
3162	#FFFFFF	4006
3163	#FFFFFF	4006
3164	#FFFFFF	4006
3165	#FFFFFF	513
3166	#FFFFFF	513
3167	#FFFFFF	1861
3168	#FFFFFF	4006
3169	#FFFFFF	4006
3170	#FFFFFF	550
3171	#FFFFFF	550
3172	#FFFFFF	550
3173	#FFFFFF	550
3174	#FFFFFF	550
3175	#FFFFFF	550
3176	#FFFFFF	550
3177	#FFFFFF	1861
3178	#FFFFFF	513
3179	#FFFFFF	513
3180	#FFFFFF	513
3181	#FFFFFF	513
3183	#FFFFFF	1861
3184	#FFFFFF	1861
3185	#FFFFFF	513
3186	#FFFFFF	513
3187	#FFFFFF	513
3188	#FFFFFF	1675
3189	#FFFFFF	1675
3190	#FFFFFF	1675
3191	#FFFFFF	1675
3192	#FFFFFF	1675
3193	#FFFFFF	1675
3194	#FFFFFF	1675
3195	#FFFFFF	1861
3196	#FFFFFF	1675
3197	#FFFFFF	513
3198	#FFFFFF	513
3199	#FFFFFF	513
3200	#FFFFFF	513
3201	#FFFFFF	513
3202	#FFFFFF	513
3203	#FFFFFF	513
3204	#FFFFFF	513
3205	#FFFFFF	513
3206	#FFFFFF	1861
3207	#FFFFFF	513
3208	#FFFFFF	513
3209	#FFFFFF	513
3210	#FFFFFF	513
3211	#FFFFFF	550
3212	#FFFFFF	4006
3213	#FFFFFF	4006
3214	#FFFFFF	4006
3215	#FFFFFF	4006
3216	#FFFFFF	513
3217	#FFFFFF	1861
3218	#FFFFFF	513
3219	#FFFFFF	4006
3220	#FFFFFF	4006
3221	#FFFFFF	550
3223	#FFFFFF	550
3224	#FFFFFF	550
3225	#FFFFFF	550
3226	#FFFFFF	550
3228	#FFFFFF	1861
3229	#FFFFFF	513
3230	#FFFFFF	513
3231	#FFFFFF	513
3232	#FFFFFF	513
3233	#FFFFFF	550
3234	#FFFFFF	1861
3235	#FFFFFF	1861
3236	#FFFFFF	550
3237	#FFFFFF	550
3238	#FFFFFF	550
3239	#FFFFFF	1675
3240	#FFFFFF	1675
3241	#FFFFFF	1675
3242	#FFFFFF	1675
3243	#FFFFFF	1675
3244	#FFFFFF	1675
3245	#FFFFFF	1675
3246	#FFFFFF	1861
3247	#FFFFFF	1675
3248	#FFFFFF	513
3249	#FFFFFF	513
3250	#FFFFFF	513
3251	#FFFFFF	513
3252	#FFFFFF	513
3253	#FFFFFF	513
3254	#FFFFFF	513
3255	#FFFFFF	513
3256	#FFFFFF	513
3257	#FFFFFF	1861
3258	#FFFFFF	513
3259	#FFFFFF	513
3260	#FFFFFF	513
3261	#FFFFFF	550
3262	#FFFFFF	550
3263	#FFFFFF	4006
3264	#FFFFFF	4006
3265	#FFFFFF	4006
3266	#FFFFFF	513
3267	#FFFFFF	4006
3268	#FFFFFF	1861
3269	#FFFFFF	4006
3270	#FFFFFF	4006
3271	#FFFFFF	550
3272	#FFFFFF	550
3273	#FFFFFF	550
3274	#FFFFFF	550
3275	#FFFFFF	550
3276	#FFFFFF	550
3277	#FFFFFF	550
3278	#FFFFFF	1861
3279	#FFFFFF	1861
3280	#FFFFFF	513
3281	#FFFFFF	513
3282	#FFFFFF	550
3284	#FFFFFF	1861
3285	#FFFFFF	1861
3286	#FFFFFF	550
3287	#FFFFFF	550
3288	#FFFFFF	550
3289	#FFFFFF	550
3290	#FFFFFF	550
3291	#FFFFFF	1675
3292	#FFFFFF	1675
3293	#FFFFFF	1675
3294	#FFFFFF	1675
3295	#FFFFFF	1675
3296	#FFFFFF	1861
3297	#FFFFFF	550
3298	#FFFFFF	1675
3299	#FFFFFF	1675
3300	#FFFFFF	513
3301	#FFFFFF	513
3302	#FFFFFF	513
3303	#FFFFFF	513
3304	#FFFFFF	513
3305	#FFFFFF	513
3306	#FFFFFF	513
3307	#FFFFFF	1861
3308	#FFFFFF	513
3309	#FFFFFF	513
3310	#FFFFFF	550
3311	#FFFFFF	550
3312	#FFFFFF	550
3313	#FFFFFF	4006
3314	#FFFFFF	4006
3315	#FFFFFF	4006
3316	#FFFFFF	513
3317	#FFFFFF	4006
3318	#FFFFFF	1861
3319	#FFFFFF	4006
3320	#FFFFFF	4006
3321	#FFFFFF	550
3322	#FFFFFF	550
3323	#FFFFFF	550
3324	#FFFFFF	550
3325	#FFFFFF	550
3326	#FFFFFF	2917
3327	#FFFFFF	550
3329	#FFFFFF	1861
3330	#FFFFFF	1861
3331	#FFFFFF	513
3332	#FFFFFF	513
3333	#FFFFFF	513
3334	#FFFFFF	550
3335	#FFFFFF	550
3336	#FFFFFF	1861
3337	#FFFFFF	513
3338	#FFFFFF	513
3339	#FFFFFF	550
3340	#FFFFFF	550
3341	#FFFFFF	550
3342	#FFFFFF	1675
3343	#FFFFFF	1675
3344	#FFFFFF	1675
3345	#FFFFFF	1675
3346	#FFFFFF	550
3347	#FFFFFF	1861
3348	#FFFFFF	1675
3349	#FFFFFF	1675
3350	#FFFFFF	513
3351	#FFFFFF	513
3352	#FFFFFF	513
3353	#FFFFFF	513
3354	#FFFFFF	513
3355	#FFFFFF	513
3356	#FFFFFF	513
3357	#FFFFFF	513
3358	#FFFFFF	1861
3359	#FFFFFF	513
3360	#FFFFFF	550
3361	#FFFFFF	550
3362	#FFFFFF	550
3363	#FFFFFF	550
3364	#FFFFFF	4006
3365	#FFFFFF	4006
3366	#FFFFFF	4006
3367	#FFFFFF	4006
3368	#FFFFFF	4006
3369	#FFFFFF	1861
3370	#FFFFFF	4006
3371	#FFFFFF	4006
3372	#FFFFFF	550
3373	#FFFFFF	550
3374	#FFFFFF	550
3375	#FFFFFF	550
3376	#FFFFFF	2917
3377	#FFFFFF	2917
3378	#FFFFFF	550
3379	#FFFFFF	1861
3380	#FFFFFF	1861
3381	#FFFFFF	513
3382	#FFFFFF	513
3383	#FFFFFF	513
3385	#FFFFFF	513
3386	#FFFFFF	513
3387	#FFFFFF	233
3388	#FFFFFF	233
3389	#FFFFFF	233
3390	#FFFFFF	233
3391	#FFFFFF	2233
3392	#FFFFFF	2233
3393	#FFFFFF	233
3394	#FFFFFF	233
3395	#FFFFFF	233
3396	#FFFFFF	233
3397	#FFFFFF	513
3398	#FFFFFF	233
3399	#FFFFFF	233
3400	#FFFFFF	233
3401	#FFFFFF	233
3402	#FFFFFF	233
3403	#FFFFFF	233
3404	#FFFFFF	233
3405	#FFFFFF	233
3406	#FFFFFF	513
3407	#FFFFFF	513
3408	#FFFFFF	233
3409	#FFFFFF	513
3410	#FFFFFF	513
3411	#FFFFFF	513
3412	#FFFFFF	513
3413	#FFFFFF	513
3414	#FFFFFF	513
3415	#FFFFFF	1766
3416	#FFFFFF	1766
3417	#FFFFFF	513
3418	#FFFFFF	1766
3419	#FFFFFF	233
3420	#FFFFFF	513
3421	#FFFFFF	1766
3422	#FFFFFF	1766
3423	#FFFFFF	1766
3424	#FFFFFF	1766
3425	#FFFFFF	1766
3426	#FFFFFF	513
3427	#FFFFFF	513
3428	#FFFFFF	513
3430	#FFFFFF	233
3431	#FFFFFF	233
3432	#FFFFFF	233
3433	#FFFFFF	233
3434	#FFFFFF	233
3435	#FFFFFF	513
3436	#FFFFFF	513
3437	#FFFFFF	513
3438	#FFFFFF	233
3439	#FFFFFF	233
3440	#FFFFFF	233
3441	#FFFFFF	233
3442	#FFFFFF	2233
3443	#FFFFFF	2233
3444	#FFFFFF	233
3445	#FFFFFF	233
3446	#FFFFFF	233
3447	#FFFFFF	233
3448	#FFFFFF	233
3449	#FFFFFF	3756
3450	#FFFFFF	233
3451	#FFFFFF	233
3452	#FFFFFF	3756
3453	#FFFFFF	233
3454	#FFFFFF	233
3455	#FFFFFF	233
3456	#FFFFFF	233
3457	#FFFFFF	513
3458	#FFFFFF	513
3459	#FFFFFF	233
3460	#FFFFFF	513
3461	#FFFFFF	513
3462	#FFFFFF	513
3463	#FFFFFF	1766
3464	#FFFFFF	513
3465	#FFFFFF	513
3466	#FFFFFF	1766
3467	#FFFFFF	513
3468	#FFFFFF	1766
3469	#FFFFFF	513
3470	#FFFFFF	233
3471	#FFFFFF	1766
3472	#FFFFFF	513
3473	#FFFFFF	513
3474	#FFFFFF	513
3475	#FFFFFF	513
3476	#FFFFFF	513
3477	#FFFFFF	2452
3478	#FFFFFF	2452
3479	#FFFFFF	513
3480	#FFFFFF	513
3481	#FFFFFF	233
3482	#FFFFFF	233
3483	#FFFFFF	233
3484	#FFFFFF	233
3486	#FFFFFF	550
3487	#FFFFFF	1861
3488	#FFFFFF	513
3489	#FFFFFF	513
3490	#FFFFFF	550
3491	#FFFFFF	550
3492	#FFFFFF	550
3493	#FFFFFF	1675
3494	#FFFFFF	1675
3495	#FFFFFF	1675
3496	#FFFFFF	1675
3497	#FFFFFF	550
3498	#FFFFFF	1861
3499	#FFFFFF	1675
3500	#FFFFFF	1675
3501	#FFFFFF	513
3502	#FFFFFF	513
3503	#FFFFFF	513
3504	#FFFFFF	513
3505	#FFFFFF	513
3506	#FFFFFF	513
3507	#FFFFFF	513
3508	#FFFFFF	513
3509	#FFFFFF	1861
3510	#FFFFFF	513
3511	#FFFFFF	513
3512	#FFFFFF	550
3513	#FFFFFF	550
3514	#FFFFFF	550
3515	#FFFFFF	4006
3516	#FFFFFF	4006
3517	#FFFFFF	4006
3518	#FFFFFF	4006
3519	#FFFFFF	4006
3520	#FFFFFF	1861
3521	#FFFFFF	4006
3522	#FFFFFF	4006
3523	#FFFFFF	4006
3524	#FFFFFF	550
3525	#FFFFFF	550
3526	#FFFFFF	550
3527	#FFFFFF	2917
3528	#FFFFFF	2917
3529	#FFFFFF	2917
3531	#FFFFFF	1861
3532	#FFFFFF	1861
3533	#FFFFFF	513
3535	#FFFFFF	513
3536	#FFFFFF	550
3537	#FFFFFF	550
3539	#FFFFFF	513
3540	#FFFFFF	513
3541	#FFFFFF	550
3542	#FFFFFF	550
3543	#FFFFFF	550
3544	#FFFFFF	1675
3545	#FFFFFF	1675
3546	#FFFFFF	1675
3547	#FFFFFF	1675
3548	#FFFFFF	550
3549	#FFFFFF	1861
3550	#FFFFFF	1675
3551	#FFFFFF	513
3552	#FFFFFF	513
3553	#FFFFFF	513
3554	#FFFFFF	513
3555	#FFFFFF	513
3556	#FFFFFF	513
3557	#FFFFFF	513
3558	#FFFFFF	513
3559	#FFFFFF	513
3560	#FFFFFF	1861
3561	#FFFFFF	513
3562	#FFFFFF	513
3563	#FFFFFF	550
3564	#FFFFFF	550
3565	#FFFFFF	4006
3566	#FFFFFF	4006
3567	#FFFFFF	4006
3568	#FFFFFF	4006
3569	#FFFFFF	4006
3570	#FFFFFF	4006
3571	#FFFFFF	1861
3572	#FFFFFF	550
3573	#FFFFFF	4006
3574	#FFFFFF	550
3575	#FFFFFF	550
3576	#FFFFFF	550
3577	#FFFFFF	2917
3578	#FFFFFF	2917
3579	#FFFFFF	2917
3580	#FFFFFF	550
3581	#FFFFFF	1861
3582	#FFFFFF	1861
3583	#FFFFFF	1861
3584	#FFFFFF	513
3585	#FFFFFF	513
3587	#FFFFFF	550
3588	#FFFFFF	1861
3589	#FFFFFF	513
3590	#FFFFFF	550
3591	#FFFFFF	550
3592	#FFFFFF	550
3593	#FFFFFF	550
3594	#FFFFFF	1675
3595	#FFFFFF	1675
3596	#FFFFFF	1675
3597	#FFFFFF	1675
3598	#FFFFFF	550
3599	#FFFFFF	1861
3600	#FFFFFF	550
3601	#FFFFFF	550
3602	#FFFFFF	513
3603	#FFFFFF	513
3604	#FFFFFF	513
3605	#FFFFFF	513
3606	#FFFFFF	513
3607	#FFFFFF	513
3608	#FFFFFF	513
3609	#FFFFFF	513
3610	#FFFFFF	1861
3611	#FFFFFF	513
3612	#FFFFFF	513
3613	#FFFFFF	550
3614	#FFFFFF	550
3615	#FFFFFF	550
3616	#FFFFFF	550
3617	#FFFFFF	550
3618	#FFFFFF	4006
3619	#FFFFFF	4006
3620	#FFFFFF	550
3621	#FFFFFF	1861
3622	#FFFFFF	4006
3623	#FFFFFF	550
3624	#FFFFFF	550
3625	#FFFFFF	550
3626	#FFFFFF	550
3627	#FFFFFF	550
3628	#FFFFFF	2917
3629	#FFFFFF	2917
3630	#FFFFFF	2917
3632	#FFFFFF	1861
3633	#FFFFFF	1861
3634	#FFFFFF	1861
3635	#FFFFFF	513
3636	#FFFFFF	513
3637	#FFFFFF	550
3638	#FFFFFF	550
3639	#FFFFFF	550
3640	#FFFFFF	550
3641	#FFFFFF	550
3642	#FFFFFF	550
3643	#FFFFFF	550
3644	#FFFFFF	550
3645	#FFFFFF	550
3646	#FFFFFF	1675
3647	#FFFFFF	1675
3648	#FFFFFF	550
3649	#FFFFFF	550
3650	#FFFFFF	1861
3651	#FFFFFF	550
3652	#FFFFFF	550
3653	#FFFFFF	513
3654	#FFFFFF	513
3655	#FFFFFF	513
3656	#FFFFFF	513
3657	#FFFFFF	513
3658	#FFFFFF	513
3659	#FFFFFF	513
3660	#FFFFFF	513
3661	#FFFFFF	1861
3662	#FFFFFF	513
3663	#FFFFFF	550
3664	#FFFFFF	550
3665	#FFFFFF	550
3666	#FFFFFF	550
3667	#FFFFFF	550
3668	#FFFFFF	4006
3669	#FFFFFF	4006
3670	#FFFFFF	4006
3671	#FFFFFF	550
3672	#FFFFFF	1861
3673	#FFFFFF	4006
3674	#FFFFFF	550
3675	#FFFFFF	550
3676	#FFFFFF	550
3677	#FFFFFF	550
3678	#FFFFFF	2917
3679	#FFFFFF	2917
3680	#FFFFFF	2917
3681	#FFFFFF	2917
3682	#FFFFFF	550
3683	#FFFFFF	1861
3684	#FFFFFF	1861
3685	#FFFFFF	513
3686	#FFFFFF	550
3688	#FFFFFF	550
3689	#FFFFFF	550
3690	#FFFFFF	550
3691	#FFFFFF	550
3692	#FFFFFF	550
3693	#FFFFFF	550
3694	#FFFFFF	550
3695	#FFFFFF	550
3696	#FFFFFF	1675
3697	#FFFFFF	550
3698	#FFFFFF	1675
3699	#FFFFFF	550
3700	#FFFFFF	550
3701	#FFFFFF	550
3702	#FFFFFF	513
3703	#FFFFFF	550
3704	#FFFFFF	513
3705	#FFFFFF	513
3706	#FFFFFF	513
3707	#FFFFFF	513
3708	#FFFFFF	513
3709	#FFFFFF	513
3710	#FFFFFF	550
3711	#FFFFFF	1861
3712	#FFFFFF	550
3713	#FFFFFF	550
3714	#FFFFFF	1533
3715	#FFFFFF	550
3716	#FFFFFF	550
3717	#FFFFFF	550
3718	#FFFFFF	4006
3719	#FFFFFF	550
3720	#FFFFFF	4006
3721	#FFFFFF	550
3722	#FFFFFF	1861
3723	#FFFFFF	4006
3724	#FFFFFF	4006
3725	#FFFFFF	550
3726	#FFFFFF	2917
3727	#FFFFFF	2917
3728	#FFFFFF	2917
3729	#FFFFFF	2917
3730	#FFFFFF	2917
3731	#FFFFFF	2917
3733	#FFFFFF	1861
3734	#FFFFFF	550
3735	#FFFFFF	550
3736	#FFFFFF	1861
3737	#FFFFFF	1861
3738	#FFFFFF	550
3739	#FFFFFF	550
3740	#FFFFFF	550
3741	#FFFFFF	550
3742	#FFFFFF	550
3743	#FFFFFF	550
3744	#FFFFFF	550
3745	#FFFFFF	550
3746	#FFFFFF	550
3747	#FFFFFF	550
3748	#FFFFFF	550
3749	#FFFFFF	550
3750	#FFFFFF	550
3751	#FFFFFF	1861
3752	#FFFFFF	550
3753	#FFFFFF	513
3754	#FFFFFF	513
3755	#FFFFFF	513
3756	#FFFFFF	513
3757	#FFFFFF	550
3758	#FFFFFF	550
3759	#FFFFFF	513
3760	#FFFFFF	513
3761	#FFFFFF	550
3762	#FFFFFF	1861
3763	#FFFFFF	550
3764	#FFFFFF	1533
3765	#FFFFFF	1533
3766	#FFFFFF	550
3767	#FFFFFF	550
3768	#FFFFFF	550
3769	#FFFFFF	550
3770	#FFFFFF	4006
3771	#FFFFFF	550
3772	#FFFFFF	550
3773	#FFFFFF	550
3774	#FFFFFF	4006
3775	#FFFFFF	550
3776	#FFFFFF	550
3777	#FFFFFF	2917
3778	#FFFFFF	2917
3779	#FFFFFF	2917
3780	#FFFFFF	2917
3781	#FFFFFF	2917
3782	#FFFFFF	2917
3783	#FFFFFF	1861
3784	#FFFFFF	550
3785	#FFFFFF	550
3786	#FFFFFF	1861
3787	#FFFFFF	1861
3789	#FFFFFF	550
3790	#FFFFFF	550
3791	#FFFFFF	1861
3792	#FFFFFF	550
3793	#FFFFFF	550
3794	#FFFFFF	550
3795	#FFFFFF	550
3796	#FFFFFF	550
3797	#FFFFFF	550
3798	#FFFFFF	550
3799	#FFFFFF	550
3800	#FFFFFF	550
3801	#FFFFFF	1861
3802	#FFFFFF	513
3803	#FFFFFF	513
3804	#FFFFFF	513
3805	#FFFFFF	513
3806	#FFFFFF	513
3807	#FFFFFF	550
3808	#FFFFFF	550
3809	#FFFFFF	550
3810	#FFFFFF	550
3811	#FFFFFF	550
3812	#FFFFFF	1861
3813	#FFFFFF	550
3814	#FFFFFF	550
3815	#FFFFFF	1533
3816	#FFFFFF	1533
3817	#FFFFFF	550
3818	#FFFFFF	550
3819	#FFFFFF	550
3820	#FFFFFF	550
3821	#FFFFFF	4006
3822	#FFFFFF	550
3823	#FFFFFF	550
3824	#FFFFFF	4006
3825	#FFFFFF	550
3826	#FFFFFF	550
3827	#FFFFFF	2917
3828	#FFFFFF	2917
3829	#FFFFFF	2917
3830	#FFFFFF	2917
3831	#FFFFFF	2917
3832	#FFFFFF	2917
3834	#FFFFFF	550
3835	#FFFFFF	1861
3836	#FFFFFF	550
3837	#FFFFFF	550
3838	#FFFFFF	550
3839	#FFFFFF	550
3840	#FFFFFF	550
3841	#FFFFFF	1861
3842	#FFFFFF	550
3843	#FFFFFF	550
3844	#FFFFFF	550
3845	#FFFFFF	550
3846	#FFFFFF	550
3847	#FFFFFF	550
3848	#FFFFFF	550
3849	#FFFFFF	550
3850	#FFFFFF	550
3851	#FFFFFF	550
3852	#FFFFFF	1861
3853	#FFFFFF	513
3854	#FFFFFF	513
3855	#FFFFFF	513
3856	#FFFFFF	513
3857	#FFFFFF	550
3858	#FFFFFF	550
3859	#FFFFFF	550
3860	#FFFFFF	550
3861	#FFFFFF	550
3862	#FFFFFF	550
3863	#FFFFFF	1861
3864	#FFFFFF	550
3865	#FFFFFF	1533
3866	#FFFFFF	1533
3867	#FFFFFF	550
3868	#FFFFFF	550
3869	#FFFFFF	550
3870	#FFFFFF	550
3871	#FFFFFF	550
3872	#FFFFFF	550
3873	#FFFFFF	550
3874	#FFFFFF	550
3875	#FFFFFF	550
3876	#FFFFFF	2917
3877	#FFFFFF	2917
3878	#FFFFFF	2917
3879	#FFFFFF	2917
3880	#FFFFFF	2917
3881	#FFFFFF	2917
3882	#FFFFFF	1179
3883	#FFFFFF	1179
3884	#FFFFFF	1861
3885	#FFFFFF	1861
3886	#FFFFFF	1861
3887	#FFFFFF	550
3888	#FFFFFF	550
3890	#FFFFFF	550
3891	#FFFFFF	550
3892	#FFFFFF	550
3893	#FFFFFF	550
3894	#FFFFFF	550
3895	#FFFFFF	550
3896	#FFFFFF	550
3897	#FFFFFF	550
3898	#FFFFFF	550
3899	#FFFFFF	550
3900	#FFFFFF	550
3901	#FFFFFF	3904
3902	#FFFFFF	550
3903	#FFFFFF	550
3904	#FFFFFF	513
3905	#FFFFFF	513
3906	#FFFFFF	513
3907	#FFFFFF	513
3908	#FFFFFF	550
3909	#FFFFFF	550
3910	#FFFFFF	550
3911	#FFFFFF	550
3912	#FFFFFF	1533
3913	#FFFFFF	1861
3914	#FFFFFF	550
3915	#FFFFFF	1533
3916	#FFFFFF	1533
3917	#FFFFFF	1533
3918	#FFFFFF	1533
3919	#FFFFFF	550
3920	#FFFFFF	550
3921	#FFFFFF	550
3922	#FFFFFF	550
3923	#FFFFFF	550
3924	#FFFFFF	550
3925	#FFFFFF	550
3926	#FFFFFF	2917
3927	#FFFFFF	2917
3928	#FFFFFF	2917
3929	#FFFFFF	2917
3930	#FFFFFF	2917
3931	#FFFFFF	2917
3932	#FFFFFF	2917
3933	#FFFFFF	1179
3935	#FFFFFF	1861
3936	#FFFFFF	1861
3937	#FFFFFF	1861
3938	#FFFFFF	550
3939	#FFFFFF	550
3940	#FFFFFF	550
3941	#FFFFFF	550
3942	#FFFFFF	550
3943	#FFFFFF	550
3944	#FFFFFF	550
3945	#FFFFFF	550
3946	#FFFFFF	550
3947	#FFFFFF	550
3948	#FFFFFF	550
3949	#FFFFFF	550
3950	#FFFFFF	550
3951	#FFFFFF	3904
3952	#FFFFFF	550
3953	#FFFFFF	550
3954	#FFFFFF	550
3955	#FFFFFF	550
3956	#FFFFFF	513
3957	#FFFFFF	513
3958	#FFFFFF	550
3959	#FFFFFF	550
3960	#FFFFFF	550
3961	#FFFFFF	550
3962	#FFFFFF	550
3963	#FFFFFF	1533
3964	#FFFFFF	1861
3965	#FFFFFF	1533
3966	#FFFFFF	1533
3967	#FFFFFF	1533
3968	#FFFFFF	1533
3969	#FFFFFF	550
3970	#FFFFFF	550
3971	#FFFFFF	550
3972	#FFFFFF	550
3973	#FFFFFF	550
3974	#FFFFFF	550
3975	#FFFFFF	550
3976	#FFFFFF	550
3977	#FFFFFF	2917
3978	#FFFFFF	2917
3979	#FFFFFF	2917
3980	#FFFFFF	2917
3981	#FFFFFF	1179
3982	#FFFFFF	2917
3983	#FFFFFF	1179
3984	#FFFFFF	1179
3985	#FFFFFF	1861
3986	#FFFFFF	550
3987	#FFFFFF	1861
3988	#FFFFFF	550
3989	#FFFFFF	550
3991	#FFFFFF	550
3992	#FFFFFF	550
3993	#FFFFFF	550
3994	#FFFFFF	550
3995	#FFFFFF	2401
3996	#FFFFFF	2401
3997	#FFFFFF	550
3998	#FFFFFF	550
3999	#FFFFFF	550
4000	#FFFFFF	3904
4001	#FFFFFF	3904
4002	#FFFFFF	550
4003	#FFFFFF	550
4004	#FFFFFF	550
4005	#FFFFFF	550
4006	#FFFFFF	513
4007	#FFFFFF	513
4008	#FFFFFF	550
4009	#FFFFFF	550
4010	#FFFFFF	550
4011	#FFFFFF	550
4012	#FFFFFF	550
4013	#FFFFFF	1533
4014	#FFFFFF	550
4015	#FFFFFF	1533
4016	#FFFFFF	1533
4017	#FFFFFF	1533
4018	#FFFFFF	1533
4019	#FFFFFF	1533
4020	#FFFFFF	550
4021	#FFFFFF	550
4022	#FFFFFF	550
4023	#FFFFFF	550
4024	#FFFFFF	550
4025	#FFFFFF	1861
4026	#FFFFFF	550
4027	#FFFFFF	550
4028	#FFFFFF	2917
4029	#FFFFFF	2917
4030	#FFFFFF	2917
4031	#FFFFFF	2917
4032	#FFFFFF	1179
4033	#FFFFFF	2917
4034	#FFFFFF	1179
4036	#FFFFFF	550
4037	#FFFFFF	550
4038	#FFFFFF	550
4039	#FFFFFF	550
4040	#FFFFFF	550
4042	#FFFFFF	513
4043	#FFFFFF	513
4044	#FFFFFF	233
4045	#FFFFFF	233
4046	#FFFFFF	233
4047	#FFFFFF	2233
4048	#FFFFFF	2233
4049	#FFFFFF	2233
4050	#FFFFFF	233
4051	#FFFFFF	233
4052	#FFFFFF	233
4053	#FFFFFF	233
4054	#FFFFFF	513
4055	#FFFFFF	233
4056	#FFFFFF	3756
4057	#FFFFFF	233
4058	#FFFFFF	3756
4059	#FFFFFF	3756
4060	#FFFFFF	233
4061	#FFFFFF	233
4062	#FFFFFF	233
4063	#FFFFFF	233
4064	#FFFFFF	513
4065	#FFFFFF	233
4066	#FFFFFF	513
4067	#FFFFFF	513
4068	#FFFFFF	513
4069	#FFFFFF	1766
4070	#FFFFFF	1766
4071	#FFFFFF	513
4072	#FFFFFF	1766
4073	#FFFFFF	1766
4074	#FFFFFF	1766
4075	#FFFFFF	1766
4076	#FFFFFF	513
4077	#FFFFFF	513
4078	#FFFFFF	513
4079	#FFFFFF	513
4080	#FFFFFF	513
4081	#FFFFFF	513
4082	#FFFFFF	513
4083	#FFFFFF	513
4084	#FFFFFF	2452
4085	#FFFFFF	2452
4087	#FFFFFF	233
4088	#FFFFFF	513
4089	#FFFFFF	233
4090	#FFFFFF	233
4091	#FFFFFF	233
4092	#FFFFFF	513
4094	#FFFFFF	513
4095	#FFFFFF	233
4096	#FFFFFF	233
4097	#FFFFFF	233
4098	#FFFFFF	2233
4099	#FFFFFF	2233
4100	#FFFFFF	2233
4101	#FFFFFF	2233
4102	#FFFFFF	233
4103	#FFFFFF	233
4104	#FFFFFF	233
4105	#FFFFFF	233
4106	#FFFFFF	3756
4107	#FFFFFF	3756
4108	#FFFFFF	233
4109	#FFFFFF	3756
4110	#FFFFFF	3756
4111	#FFFFFF	3756
4112	#FFFFFF	3756
4113	#FFFFFF	233
4114	#FFFFFF	513
4115	#FFFFFF	513
4116	#FFFFFF	233
4117	#FFFFFF	513
4118	#FFFFFF	513
4119	#FFFFFF	513
4120	#FFFFFF	1766
4121	#FFFFFF	1766
4122	#FFFFFF	1766
4123	#FFFFFF	1766
4124	#FFFFFF	1766
4125	#FFFFFF	1766
4126	#FFFFFF	513
4127	#FFFFFF	513
4128	#FFFFFF	513
4129	#FFFFFF	513
4130	#FFFFFF	513
4131	#FFFFFF	513
4132	#FFFFFF	513
4133	#FFFFFF	513
4134	#FFFFFF	2452
4135	#FFFFFF	2452
4136	#FFFFFF	513
4137	#FFFFFF	233
4138	#FFFFFF	513
4139	#FFFFFF	513
4140	#FFFFFF	233
4141	#FFFFFF	233
4143	#FFFFFF	513
4144	#FFFFFF	513
4145	#FFFFFF	233
4146	#FFFFFF	233
4147	#FFFFFF	233
4148	#FFFFFF	233
4149	#FFFFFF	2233
4150	#FFFFFF	233
4151	#FFFFFF	2233
4152	#FFFFFF	233
4153	#FFFFFF	233
4154	#FFFFFF	233
4155	#FFFFFF	513
4156	#FFFFFF	233
4157	#FFFFFF	233
4158	#FFFFFF	3756
4159	#FFFFFF	233
4160	#FFFFFF	3756
4161	#FFFFFF	3756
4162	#FFFFFF	3756
4163	#FFFFFF	233
4164	#FFFFFF	233
4165	#FFFFFF	513
4166	#FFFFFF	233
4167	#FFFFFF	513
4168	#FFFFFF	513
4169	#FFFFFF	513
4170	#FFFFFF	513
4171	#FFFFFF	1766
4172	#FFFFFF	1766
4173	#FFFFFF	1766
4174	#FFFFFF	1766
4175	#FFFFFF	1766
4176	#FFFFFF	513
4177	#FFFFFF	233
4178	#FFFFFF	513
4179	#FFFFFF	513
4180	#FFFFFF	513
4181	#FFFFFF	513
4182	#FFFFFF	513
4183	#FFFFFF	513
4184	#FFFFFF	513
4185	#FFFFFF	2452
4186	#FFFFFF	2452
4188	#FFFFFF	513
4189	#FFFFFF	233
4190	#FFFFFF	513
4191	#FFFFFF	513
4192	#FFFFFF	233
4193	#FFFFFF	513
4194	#FFFFFF	513
4195	#FFFFFF	513
4196	#FFFFFF	233
4197	#FFFFFF	233
4198	#FFFFFF	233
4199	#FFFFFF	2233
4200	#FFFFFF	2233
4201	#FFFFFF	233
4202	#FFFFFF	233
4203	#FFFFFF	233
4204	#FFFFFF	233
4205	#FFFFFF	233
4206	#FFFFFF	513
4207	#FFFFFF	233
4208	#FFFFFF	233
4209	#FFFFFF	3756
4210	#FFFFFF	3756
4211	#FFFFFF	3756
4212	#FFFFFF	3756
4213	#FFFFFF	233
4214	#FFFFFF	233
4215	#FFFFFF	233
4216	#FFFFFF	513
4217	#FFFFFF	233
4218	#FFFFFF	513
4219	#FFFFFF	513
4220	#FFFFFF	513
4221	#FFFFFF	1766
4222	#FFFFFF	1766
4223	#FFFFFF	1766
4224	#FFFFFF	1766
4225	#FFFFFF	1766
4226	#FFFFFF	1766
4227	#FFFFFF	513
4228	#FFFFFF	233
4229	#FFFFFF	2946
4230	#FFFFFF	513
4231	#FFFFFF	513
4232	#FFFFFF	513
4233	#FFFFFF	513
4234	#FFFFFF	513
4235	#FFFFFF	2452
4236	#FFFFFF	2452
4237	#FFFFFF	2452
4238	#FFFFFF	513
4239	#FFFFFF	513
4240	#FFFFFF	513
4241	#FFFFFF	233
4242	#FFFFFF	233
4244	#FFFFFF	513
4245	#FFFFFF	513
4246	#FFFFFF	233
4247	#FFFFFF	233
4248	#FFFFFF	233
4249	#FFFFFF	2233
4250	#FFFFFF	233
4251	#FFFFFF	233
4252	#FFFFFF	233
4253	#FFFFFF	233
4254	#FFFFFF	233
4255	#FFFFFF	233
4256	#FFFFFF	513
4257	#FFFFFF	233
4258	#FFFFFF	233
4259	#FFFFFF	3756
4260	#FFFFFF	3756
4261	#FFFFFF	3756
4262	#FFFFFF	233
4263	#FFFFFF	3756
4264	#FFFFFF	233
4265	#FFFFFF	233
4266	#FFFFFF	513
4267	#FFFFFF	233
4268	#FFFFFF	513
4269	#FFFFFF	513
4270	#FFFFFF	513
4271	#FFFFFF	513
4272	#FFFFFF	1766
4273	#FFFFFF	513
4274	#FFFFFF	513
4275	#FFFFFF	1766
4276	#FFFFFF	1766
4277	#FFFFFF	1766
4278	#FFFFFF	513
4279	#FFFFFF	513
4280	#FFFFFF	2946
4281	#FFFFFF	2946
4282	#FFFFFF	2946
4283	#FFFFFF	513
4284	#FFFFFF	2452
4285	#FFFFFF	513
4286	#FFFFFF	2452
4287	#FFFFFF	2452
4289	#FFFFFF	233
4290	#FFFFFF	513
4291	#FFFFFF	513
4292	#FFFFFF	233
4293	#FFFFFF	233
4294	#FFFFFF	513
4295	#FFFFFF	513
4296	#FFFFFF	513
4297	#FFFFFF	233
4298	#FFFFFF	233
4299	#FFFFFF	233
4300	#FFFFFF	233
4301	#FFFFFF	233
4302	#FFFFFF	233
4303	#FFFFFF	233
4304	#FFFFFF	233
4305	#FFFFFF	233
4306	#FFFFFF	233
4307	#FFFFFF	513
4308	#FFFFFF	3756
4309	#FFFFFF	3756
4310	#FFFFFF	3756
4311	#FFFFFF	3756
4312	#FFFFFF	3756
4313	#FFFFFF	233
4314	#FFFFFF	233
4315	#FFFFFF	233
4316	#FFFFFF	233
4317	#FFFFFF	513
4318	#FFFFFF	513
4319	#FFFFFF	513
4320	#FFFFFF	513
4321	#FFFFFF	513
4322	#FFFFFF	513
4323	#FFFFFF	1766
4324	#FFFFFF	513
4325	#FFFFFF	1766
4326	#FFFFFF	1766
4327	#FFFFFF	1766
4328	#FFFFFF	513
4329	#FFFFFF	233
4330	#FFFFFF	2946
4331	#FFFFFF	2946
4332	#FFFFFF	2946
4333	#FFFFFF	513
4334	#FFFFFF	513
4336	#FFFFFF	2452
4337	#FFFFFF	2452
4338	#FFFFFF	2452
4339	#FFFFFF	233
4340	#FFFFFF	513
4341	#FFFFFF	513
4342	#FFFFFF	233
4343	#FFFFFF	233
4345	#FFFFFF	513
4346	#FFFFFF	513
4347	#FFFFFF	233
4348	#FFFFFF	233
4349	#FFFFFF	233
4350	#FFFFFF	233
4351	#FFFFFF	233
4352	#FFFFFF	233
4353	#FFFFFF	233
4354	#FFFFFF	233
4355	#FFFFFF	233
4356	#FFFFFF	233
4357	#FFFFFF	513
4358	#FFFFFF	3756
4359	#FFFFFF	3756
4360	#FFFFFF	3756
4361	#FFFFFF	3756
4362	#FFFFFF	3756
4363	#FFFFFF	3756
4364	#FFFFFF	233
4365	#FFFFFF	233
4366	#FFFFFF	233
4367	#FFFFFF	233
4368	#FFFFFF	513
4369	#FFFFFF	513
4370	#FFFFFF	513
4371	#FFFFFF	513
4372	#FFFFFF	513
4373	#FFFFFF	1766
4374	#FFFFFF	513
4375	#FFFFFF	1766
4376	#FFFFFF	513
4377	#FFFFFF	1766
4378	#FFFFFF	513
4379	#FFFFFF	513
4380	#FFFFFF	513
4381	#FFFFFF	513
4382	#FFFFFF	513
4383	#FFFFFF	2946
4384	#FFFFFF	513
4385	#FFFFFF	513
4386	#FFFFFF	2452
4387	#FFFFFF	2452
4388	#FFFFFF	2452
4390	#FFFFFF	513
4391	#FFFFFF	513
4392	#FFFFFF	513
4393	#FFFFFF	233
4394	#FFFFFF	233
4395	#FFFFFF	513
4396	#FFFFFF	513
4397	#FFFFFF	513
4398	#FFFFFF	233
4399	#FFFFFF	233
4400	#FFFFFF	233
4401	#FFFFFF	233
4402	#FFFFFF	233
4403	#FFFFFF	233
4404	#FFFFFF	233
4405	#FFFFFF	233
4406	#FFFFFF	3756
4407	#FFFFFF	3756
4408	#FFFFFF	513
4409	#FFFFFF	3756
4410	#FFFFFF	3756
4411	#FFFFFF	3756
4412	#FFFFFF	3756
4413	#FFFFFF	3756
4414	#FFFFFF	3756
4415	#FFFFFF	3756
4416	#FFFFFF	233
4417	#FFFFFF	233
4418	#FFFFFF	513
4419	#FFFFFF	513
4420	#FFFFFF	513
4421	#FFFFFF	513
4422	#FFFFFF	513
4423	#FFFFFF	513
4424	#FFFFFF	1766
4425	#FFFFFF	513
4426	#FFFFFF	1766
4427	#FFFFFF	513
4428	#FFFFFF	513
4429	#FFFFFF	513
4430	#FFFFFF	513
4431	#FFFFFF	2946
4432	#FFFFFF	513
4433	#FFFFFF	2946
4434	#FFFFFF	2946
4435	#FFFFFF	513
4436	#FFFFFF	2452
4437	#FFFFFF	2452
4438	#FFFFFF	2452
4439	#FFFFFF	2452
4440	#FFFFFF	513
4441	#FFFFFF	513
4442	#FFFFFF	513
4443	#FFFFFF	233
4444	#FFFFFF	233
4446	#FFFFFF	513
4447	#FFFFFF	513
4448	#FFFFFF	233
4449	#FFFFFF	233
4450	#FFFFFF	233
4451	#FFFFFF	233
4452	#FFFFFF	233
4453	#FFFFFF	233
4454	#FFFFFF	233
4455	#FFFFFF	233
4456	#FFFFFF	3756
4457	#FFFFFF	3756
4458	#FFFFFF	513
4459	#FFFFFF	3756
4460	#FFFFFF	3756
4461	#FFFFFF	3756
4462	#FFFFFF	3756
4463	#FFFFFF	233
4464	#FFFFFF	233
4465	#FFFFFF	3756
4466	#FFFFFF	3756
4467	#FFFFFF	233
4468	#FFFFFF	233
4469	#FFFFFF	513
4470	#FFFFFF	233
4471	#FFFFFF	513
4472	#FFFFFF	513
4473	#FFFFFF	513
4474	#FFFFFF	1766
4475	#FFFFFF	513
4476	#FFFFFF	513
4477	#FFFFFF	513
4478	#FFFFFF	513
4479	#FFFFFF	513
4480	#FFFFFF	513
4481	#FFFFFF	513
4483	#FFFFFF	2946
4485	#FFFFFF	513
4486	#FFFFFF	513
4487	#FFFFFF	2452
4488	#FFFFFF	2452
4489	#FFFFFF	2452
4491	#FFFFFF	513
4492	#FFFFFF	513
4493	#FFFFFF	233
4494	#FFFFFF	233
4495	#FFFFFF	233
4496	#FFFFFF	513
4497	#FFFFFF	513
4498	#FFFFFF	513
4499	#FFFFFF	233
4500	#FFFFFF	233
4501	#FFFFFF	233
4502	#FFFFFF	233
4503	#FFFFFF	233
4504	#FFFFFF	233
4505	#FFFFFF	233
4506	#FFFFFF	233
4507	#FFFFFF	233
4508	#FFFFFF	3756
4509	#FFFFFF	513
4510	#FFFFFF	3756
4511	#FFFFFF	3756
4512	#FFFFFF	3756
4513	#FFFFFF	233
4514	#FFFFFF	233
4515	#FFFFFF	233
4516	#FFFFFF	3756
4517	#FFFFFF	233
4518	#FFFFFF	233
4519	#FFFFFF	233
4520	#FFFFFF	513
4521	#FFFFFF	513
4522	#FFFFFF	513
4523	#FFFFFF	513
4524	#FFFFFF	513
4525	#FFFFFF	1766
4526	#FFFFFF	513
4527	#FFFFFF	513
4528	#FFFFFF	513
4529	#FFFFFF	513
4530	#FFFFFF	513
4531	#FFFFFF	513
4532	#FFFFFF	513
4533	#FFFFFF	2946
4534	#FFFFFF	513
4535	#FFFFFF	2946
4536	#FFFFFF	2946
4537	#FFFFFF	2452
4538	#FFFFFF	2452
4539	#FFFFFF	2452
4540	#FFFFFF	2452
4541	#FFFFFF	513
4542	#FFFFFF	513
4543	#FFFFFF	233
4544	#FFFFFF	513
4545	#FFFFFF	513
4547	#FFFFFF	233
4548	#FFFFFF	233
4549	#FFFFFF	233
4550	#FFFFFF	233
4551	#FFFFFF	233
4552	#FFFFFF	2233
4553	#FFFFFF	233
4554	#FFFFFF	233
4555	#FFFFFF	233
4556	#FFFFFF	233
4557	#FFFFFF	233
4558	#FFFFFF	233
4559	#FFFFFF	233
4560	#FFFFFF	233
4561	#FFFFFF	233
4562	#FFFFFF	233
4563	#FFFFFF	233
4564	#FFFFFF	233
4565	#FFFFFF	233
4566	#FFFFFF	233
4567	#FFFFFF	233
4568	#FFFFFF	233
4569	#FFFFFF	513
4570	#FFFFFF	366
4571	#FFFFFF	513
4572	#FFFFFF	513
4573	#FFFFFF	513
4574	#FFFFFF	513
4575	#FFFFFF	513
4576	#FFFFFF	1766
4577	#FFFFFF	1766
4578	#FFFFFF	513
4579	#FFFFFF	1766
4580	#FFFFFF	1766
4581	#FFFFFF	366
4582	#FFFFFF	1766
4583	#FFFFFF	1766
4584	#FFFFFF	1766
4585	#FFFFFF	513
4586	#FFFFFF	513
4587	#FFFFFF	513
4588	#FFFFFF	513
4589	#FFFFFF	513
4590	#FFFFFF	2452
4592	#FFFFFF	366
4593	#FFFFFF	366
4594	#FFFFFF	366
4595	#FFFFFF	233
4596	#FFFFFF	233
4597	#FFFFFF	233
4598	#FFFFFF	233
4599	#FFFFFF	233
4600	#FFFFFF	233
4601	#FFFFFF	233
4602	#FFFFFF	2233
4603	#FFFFFF	233
4604	#FFFFFF	233
4605	#FFFFFF	233
4606	#FFFFFF	233
4607	#FFFFFF	233
4608	#FFFFFF	233
4609	#FFFFFF	233
4610	#FFFFFF	233
4611	#FFFFFF	233
4612	#FFFFFF	233
4613	#FFFFFF	233
4614	#FFFFFF	233
4615	#FFFFFF	233
4616	#FFFFFF	233
4617	#FFFFFF	233
4618	#FFFFFF	233
4619	#FFFFFF	233
4620	#FFFFFF	513
4621	#FFFFFF	366
4622	#FFFFFF	513
4623	#FFFFFF	513
4624	#FFFFFF	513
4625	#FFFFFF	513
4626	#FFFFFF	513
4627	#FFFFFF	513
4628	#FFFFFF	513
4629	#FFFFFF	1766
4630	#FFFFFF	1766
4631	#FFFFFF	1766
4632	#FFFFFF	366
4633	#FFFFFF	1766
4634	#FFFFFF	1766
4635	#FFFFFF	1766
4636	#FFFFFF	513
4637	#FFFFFF	513
4638	#FFFFFF	513
4639	#FFFFFF	513
4640	#FFFFFF	513
4641	#FFFFFF	513
4642	#FFFFFF	366
4643	#FFFFFF	366
4644	#FFFFFF	366
4645	#FFFFFF	233
4646	#FFFFFF	233
4648	#FFFFFF	233
4649	#FFFFFF	233
4650	#FFFFFF	233
4651	#FFFFFF	233
4652	#FFFFFF	2233
4653	#FFFFFF	2233
4654	#FFFFFF	233
4655	#FFFFFF	233
4656	#FFFFFF	233
4657	#FFFFFF	233
4658	#FFFFFF	233
4659	#FFFFFF	233
4660	#FFFFFF	233
4661	#FFFFFF	233
4662	#FFFFFF	233
4663	#FFFFFF	233
4664	#FFFFFF	233
4665	#FFFFFF	233
4666	#FFFFFF	233
4667	#FFFFFF	233
4668	#FFFFFF	233
4669	#FFFFFF	233
4670	#FFFFFF	513
4671	#FFFFFF	233
4672	#FFFFFF	513
4673	#FFFFFF	513
4674	#FFFFFF	513
4675	#FFFFFF	513
4676	#FFFFFF	513
4677	#FFFFFF	513
4678	#FFFFFF	513
4679	#FFFFFF	513
4680	#FFFFFF	513
4681	#FFFFFF	1766
4682	#FFFFFF	366
4683	#FFFFFF	513
4684	#FFFFFF	513
4685	#FFFFFF	1766
4686	#FFFFFF	1766
4687	#FFFFFF	513
4688	#FFFFFF	513
4689	#FFFFFF	513
4690	#FFFFFF	513
4691	#FFFFFF	513
4693	#FFFFFF	366
4694	#FFFFFF	366
4695	#FFFFFF	366
4696	#FFFFFF	366
4697	#FFFFFF	233
4698	#FFFFFF	233
4699	#FFFFFF	233
4700	#FFFFFF	233
4701	#FFFFFF	233
4702	#FFFFFF	233
4703	#FFFFFF	2233
4704	#FFFFFF	233
4705	#FFFFFF	233
4706	#FFFFFF	233
4707	#FFFFFF	233
4708	#FFFFFF	233
4709	#FFFFFF	233
4710	#FFFFFF	233
4711	#FFFFFF	233
4712	#FFFFFF	233
4713	#FFFFFF	233
4714	#FFFFFF	233
4715	#FFFFFF	233
4716	#FFFFFF	233
4717	#FFFFFF	233
4718	#FFFFFF	233
4719	#FFFFFF	233
4720	#FFFFFF	513
4721	#FFFFFF	513
4722	#FFFFFF	366
4723	#FFFFFF	513
4724	#FFFFFF	513
4725	#FFFFFF	513
4726	#FFFFFF	513
4727	#FFFFFF	513
4728	#FFFFFF	513
4729	#FFFFFF	513
4730	#FFFFFF	513
4731	#FFFFFF	513
4732	#FFFFFF	513
4733	#FFFFFF	366
4734	#FFFFFF	513
4735	#FFFFFF	513
4736	#FFFFFF	1766
4737	#FFFFFF	513
4738	#FFFFFF	513
4739	#FFFFFF	513
4740	#FFFFFF	513
4741	#FFFFFF	513
4742	#FFFFFF	513
4743	#FFFFFF	366
4744	#FFFFFF	366
4745	#FFFFFF	366
4746	#FFFFFF	366
4747	#FFFFFF	233
4749	#FFFFFF	233
4750	#FFFFFF	233
4751	#FFFFFF	233
4752	#FFFFFF	233
4753	#FFFFFF	2233
4754	#FFFFFF	2233
4755	#FFFFFF	233
4756	#FFFFFF	233
4757	#FFFFFF	233
4758	#FFFFFF	233
4759	#FFFFFF	233
4760	#FFFFFF	233
4761	#FFFFFF	233
4762	#FFFFFF	233
4763	#FFFFFF	233
4764	#FFFFFF	233
4765	#FFFFFF	233
4766	#FFFFFF	233
4767	#FFFFFF	233
4768	#FFFFFF	233
4769	#FFFFFF	233
4770	#FFFFFF	513
4771	#FFFFFF	513
4772	#FFFFFF	233
4773	#FFFFFF	513
4774	#FFFFFF	513
4775	#FFFFFF	513
4776	#FFFFFF	513
4777	#FFFFFF	513
4778	#FFFFFF	513
4779	#FFFFFF	513
4780	#FFFFFF	513
4781	#FFFFFF	513
4782	#FFFFFF	513
4783	#FFFFFF	233
4784	#FFFFFF	513
4785	#FFFFFF	513
4786	#FFFFFF	513
4787	#FFFFFF	513
4788	#FFFFFF	513
4789	#FFFFFF	513
4790	#FFFFFF	513
4791	#FFFFFF	513
4792	#FFFFFF	513
4794	#FFFFFF	366
4795	#FFFFFF	366
4796	#FFFFFF	366
4797	#FFFFFF	366
4798	#FFFFFF	233
4799	#FFFFFF	233
4800	#FFFFFF	233
4801	#FFFFFF	233
4802	#FFFFFF	233
4803	#FFFFFF	233
4804	#FFFFFF	233
4805	#FFFFFF	233
4806	#FFFFFF	233
4807	#FFFFFF	233
4808	#FFFFFF	233
4809	#FFFFFF	233
4810	#FFFFFF	233
4811	#FFFFFF	233
4812	#FFFFFF	233
4813	#FFFFFF	233
4814	#FFFFFF	233
4815	#FFFFFF	233
4816	#FFFFFF	233
4817	#FFFFFF	233
4818	#FFFFFF	233
4820	#FFFFFF	233
4821	#FFFFFF	513
4822	#FFFFFF	513
4823	#FFFFFF	233
4824	#FFFFFF	513
4825	#FFFFFF	513
4826	#FFFFFF	513
4827	#FFFFFF	513
4828	#FFFFFF	513
4829	#FFFFFF	513
4830	#FFFFFF	513
4831	#FFFFFF	513
4832	#FFFFFF	513
4833	#FFFFFF	513
4834	#FFFFFF	366
4835	#FFFFFF	513
4836	#FFFFFF	513
4837	#FFFFFF	513
4838	#FFFFFF	513
4839	#FFFFFF	513
4840	#FFFFFF	513
4841	#FFFFFF	513
4842	#FFFFFF	513
4843	#FFFFFF	513
4844	#FFFFFF	233
4845	#FFFFFF	366
4846	#FFFFFF	366
4847	#FFFFFF	366
4848	#FFFFFF	233
4850	#FFFFFF	233
4851	#FFFFFF	233
4852	#FFFFFF	233
4853	#FFFFFF	233
4854	#FFFFFF	233
4855	#FFFFFF	233
4856	#FFFFFF	233
4857	#FFFFFF	233
4858	#FFFFFF	233
4859	#FFFFFF	233
4860	#FFFFFF	233
4861	#FFFFFF	233
4862	#FFFFFF	233
4863	#FFFFFF	233
4864	#FFFFFF	233
4865	#FFFFFF	233
4866	#FFFFFF	233
4867	#FFFFFF	233
4868	#FFFFFF	233
4869	#FFFFFF	233
4870	#FFFFFF	233
4871	#FFFFFF	233
4872	#FFFFFF	513
4873	#FFFFFF	233
4874	#FFFFFF	513
4875	#FFFFFF	513
4876	#FFFFFF	513
4877	#FFFFFF	513
4878	#FFFFFF	513
4879	#FFFFFF	513
4880	#FFFFFF	513
4881	#FFFFFF	513
4882	#FFFFFF	513
4883	#FFFFFF	513
4884	#FFFFFF	366
4885	#FFFFFF	513
4886	#FFFFFF	513
4887	#FFFFFF	513
4888	#FFFFFF	513
4889	#FFFFFF	513
4890	#FFFFFF	513
4891	#FFFFFF	513
4892	#FFFFFF	513
4893	#FFFFFF	513
4895	#FFFFFF	366
4896	#FFFFFF	233
4897	#FFFFFF	366
4898	#FFFFFF	366
4899	#FFFFFF	233
4900	#FFFFFF	233
4901	#FFFFFF	233
4902	#FFFFFF	233
4903	#FFFFFF	233
4904	#FFFFFF	233
4905	#FFFFFF	233
4906	#FFFFFF	233
4907	#FFFFFF	233
4908	#FFFFFF	233
4909	#FFFFFF	233
4910	#FFFFFF	233
4911	#FFFFFF	233
4912	#FFFFFF	233
4913	#FFFFFF	366
4914	#FFFFFF	233
4915	#FFFFFF	233
4916	#FFFFFF	233
4917	#FFFFFF	233
4918	#FFFFFF	233
4919	#FFFFFF	233
4920	#FFFFFF	233
4921	#FFFFFF	233
4922	#FFFFFF	513
4923	#FFFFFF	513
4924	#FFFFFF	366
4925	#FFFFFF	513
4926	#FFFFFF	513
4927	#FFFFFF	513
4928	#FFFFFF	513
4929	#FFFFFF	513
4930	#FFFFFF	513
4931	#FFFFFF	513
4932	#FFFFFF	513
4933	#FFFFFF	513
4934	#FFFFFF	513
4935	#FFFFFF	366
4936	#FFFFFF	513
4937	#FFFFFF	513
4938	#FFFFFF	513
4939	#FFFFFF	513
4940	#FFFFFF	513
4941	#FFFFFF	513
4942	#FFFFFF	513
4943	#FFFFFF	513
4944	#FFFFFF	513
4945	#FFFFFF	233
4946	#FFFFFF	233
4947	#FFFFFF	233
4948	#FFFFFF	233
4949	#FFFFFF	233
4951	#FFFFFF	233
4952	#FFFFFF	233
4953	#FFFFFF	233
4954	#FFFFFF	233
4955	#FFFFFF	233
4956	#FFFFFF	233
4957	#FFFFFF	233
4958	#FFFFFF	233
4959	#FFFFFF	233
4960	#FFFFFF	233
4961	#FFFFFF	233
4962	#FFFFFF	233
4963	#FFFFFF	233
4964	#FFFFFF	233
4965	#FFFFFF	233
4966	#FFFFFF	233
4967	#FFFFFF	233
4968	#FFFFFF	233
4969	#FFFFFF	233
4970	#FFFFFF	233
4971	#FFFFFF	233
4972	#FFFFFF	233
4973	#FFFFFF	513
4974	#FFFFFF	366
4975	#FFFFFF	513
4976	#FFFFFF	513
4977	#FFFFFF	513
4978	#FFFFFF	513
4979	#FFFFFF	513
4980	#FFFFFF	513
4981	#FFFFFF	513
4982	#FFFFFF	513
4983	#FFFFFF	513
4984	#FFFFFF	513
4985	#FFFFFF	233
4986	#FFFFFF	513
4987	#FFFFFF	513
4988	#FFFFFF	513
4989	#FFFFFF	513
4990	#FFFFFF	513
4991	#FFFFFF	513
4992	#FFFFFF	513
4993	#FFFFFF	513
4994	#FFFFFF	513
4996	#FFFFFF	233
4997	#FFFFFF	233
4998	#FFFFFF	233
4999	#FFFFFF	233
5000	#FFFFFF	233
5001	#FFFFFF	366
5002	#FFFFFF	233
5003	#FFFFFF	233
5004	#FFFFFF	233
5005	#FFFFFF	233
5006	#FFFFFF	233
5007	#FFFFFF	233
5008	#FFFFFF	233
5009	#FFFFFF	233
5010	#FFFFFF	233
5011	#FFFFFF	233
5012	#FFFFFF	233
5013	#FFFFFF	233
5014	#FFFFFF	366
5015	#FFFFFF	233
5016	#FFFFFF	233
5017	#FFFFFF	233
5018	#FFFFFF	233
5019	#FFFFFF	233
5020	#FFFFFF	233
5021	#FFFFFF	233
5022	#FFFFFF	233
5023	#FFFFFF	233
5024	#FFFFFF	513
5025	#FFFFFF	233
5026	#FFFFFF	513
5027	#FFFFFF	513
5028	#FFFFFF	513
5029	#FFFFFF	513
5030	#FFFFFF	513
5031	#FFFFFF	513
5032	#FFFFFF	513
5033	#FFFFFF	513
5034	#FFFFFF	513
5035	#FFFFFF	513
5036	#FFFFFF	233
5037	#FFFFFF	513
5038	#FFFFFF	513
5039	#FFFFFF	513
5040	#FFFFFF	513
5041	#FFFFFF	513
5042	#FFFFFF	513
5043	#FFFFFF	513
5044	#FFFFFF	513
5045	#FFFFFF	513
5046	#FFFFFF	233
5047	#FFFFFF	233
5048	#FFFFFF	233
5049	#FFFFFF	233
5050	#FFFFFF	233
5052	#FFFFFF	366
5053	#FFFFFF	366
5054	#FFFFFF	233
5055	#FFFFFF	513
5056	#FFFFFF	233
5057	#FFFFFF	233
5058	#FFFFFF	233
5059	#FFFFFF	513
5060	#FFFFFF	233
5061	#FFFFFF	233
5062	#FFFFFF	233
5063	#FFFFFF	233
5064	#FFFFFF	366
5065	#FFFFFF	233
5066	#FFFFFF	233
5067	#FFFFFF	233
5068	#FFFFFF	233
5069	#FFFFFF	233
5070	#FFFFFF	233
5071	#FFFFFF	233
5072	#FFFFFF	233
5073	#FFFFFF	513
5074	#FFFFFF	513
5075	#FFFFFF	233
5076	#FFFFFF	513
5077	#FFFFFF	513
5078	#FFFFFF	513
5079	#FFFFFF	513
5080	#FFFFFF	513
5081	#FFFFFF	513
5082	#FFFFFF	513
5083	#FFFFFF	513
5084	#FFFFFF	513
5085	#FFFFFF	513
5086	#FFFFFF	233
5087	#FFFFFF	928
5088	#FFFFFF	928
5089	#FFFFFF	513
5090	#FFFFFF	513
5091	#FFFFFF	513
5092	#FFFFFF	513
5093	#FFFFFF	513
5094	#FFFFFF	513
5095	#FFFFFF	513
5097	#FFFFFF	233
5098	#FFFFFF	233
5099	#FFFFFF	233
5100	#FFFFFF	233
5101	#FFFFFF	233
